# Blender v2.69 (sub 0) OBJ File: 'axe.blend'
# www.blender.org
mtllib axe.mtl
o Plane.001
v 8.000000 0.000000 8.000000
v -8.000000 0.000000 8.000000
v 8.000000 0.000000 -8.000000
v -8.000000 0.000000 -8.000000
usemtl None
s off
f 2 1 3 4
o Plane
v 8.000000 7.080434 -6.400342
v -8.000000 7.080434 -6.400342
v 8.000000 -0.057183 -6.400342
v -8.000000 -0.057183 -6.400342
usemtl None
s off
f 6 5 7 8
o Cylinder
v -0.036901 3.910799 0.027933
v 0.097281 3.791166 0.023406
v 0.206617 3.711404 0.018805
v 0.287910 3.677261 0.008180
v 0.179411 3.695221 0.018764
v 0.033706 3.760813 0.018764
v -0.122761 3.851346 0.018764
v -0.265727 3.954911 0.018764
v -0.380749 4.054569 0.018764
v -0.456047 4.126481 0.018764
v -0.524965 4.197111 0.018764
v -0.580477 4.268893 0.018764
v -0.625762 4.334571 0.018764
v -0.658728 4.415371 0.018764
v -0.658097 4.563672 0.018764
v -0.619502 4.686734 0.018764
v -0.156877 4.044591 0.028800
v 0.097281 3.791166 -0.023407
v -0.335130 4.280290 0.040000
v -0.461501 4.413493 0.040000
v -0.437502 4.599051 0.027000
v -0.361406 4.524673 0.027000
v -0.093414 4.421435 0.060000
v -0.154667 4.485418 0.060000
v -0.277718 4.608469 0.060000
v -0.341114 4.669505 0.060000
v -0.613978 4.546436 0.023417
v -0.036901 3.910799 -0.027933
v -0.594285 4.639723 0.039596
v -0.238268 4.401536 0.027000
v -0.176475 4.338316 0.027000
v -0.219776 4.202690 0.040000
v -0.571901 4.510618 0.040000
v -0.517627 4.589698 0.035000
v -0.519046 4.464118 0.040000
v -0.300503 4.463770 0.027000
v -0.215482 4.546233 0.060000
v -0.408557 4.359874 0.040000
v 0.206618 3.711405 -0.018805
v 0.287910 3.677262 -0.008181
v 0.179412 3.695222 -0.018764
v 0.033707 3.760813 -0.018764
v -0.122760 3.851347 -0.018764
v -0.265727 3.954911 -0.018764
v -0.380749 4.054569 -0.018764
v -0.456047 4.126482 -0.018764
v -0.524965 4.197112 -0.018764
v -0.580477 4.268893 -0.018764
v -0.625762 4.334572 -0.018764
v -0.658727 4.415371 -0.018764
v -0.658097 4.563672 -0.018764
v -0.619502 4.686734 -0.018764
v -0.156877 4.044591 -0.028800
v -0.335129 4.280291 -0.040000
v -0.461501 4.413493 -0.040000
v -0.437501 4.599051 -0.027000
v -0.361575 4.524842 -0.027000
v -0.093414 4.421436 -0.060000
v -0.153985 4.484737 -0.060000
v -0.277880 4.608633 -0.060000
v -0.341114 4.669505 -0.060000
v -0.613978 4.546437 -0.023417
v -0.594285 4.639723 -0.039597
v -0.238099 4.401367 -0.027000
v -0.176475 4.338317 -0.027000
v -0.219776 4.202691 -0.040000
v -0.571901 4.510619 -0.040000
v -0.517627 4.589699 -0.035000
v -0.519046 4.464119 -0.040000
v -0.299817 4.463085 -0.027000
v -0.215918 4.546671 -0.060000
v -0.408557 4.359875 -0.040000
v -0.301359 4.709422 0.043301
v -0.341114 4.669505 -0.000000
v -0.314300 4.696481 0.025000
v -0.711569 4.559507 -0.000000
v -0.636895 4.721071 -0.000000
v -0.496448 4.094035 -0.000000
v -0.569825 4.169234 -0.000000
v 0.180209 3.634969 -0.000000
v 0.024987 3.704711 -0.000000
v -0.178807 4.230003 -0.000000
v -0.176575 4.338186 -0.000000
v -0.517627 4.589699 -0.000000
v -0.115907 4.071904 -0.000000
v 0.002679 3.935493 -0.000000
v -0.640599 4.262586 -0.000000
v -0.141602 3.801101 -0.000000
v 0.133060 3.794791 -0.000000
v -0.093414 4.421435 -0.000000
v -0.712241 4.401613 -0.000000
v -0.665472 4.298659 -0.000000
v -0.293817 3.911365 -0.000000
v 0.245913 3.709061 -0.000000
v -0.437502 4.599051 -0.000000
v -0.319036 4.691745 0.000000
v -0.416280 4.017470 -0.000000
v 0.353629 3.665776 -0.000000
v -0.595924 4.645978 -0.000000
v -0.010947 4.503863 -0.060130
v -0.035695 4.479114 -0.060097
v 1.409559 3.033860 -0.049440
v -0.353553 4.796972 -0.050000
v 1.427039 3.051340 -0.042817
v -0.335876 4.814650 -0.043301
v 1.439835 3.064136 -0.024720
v -0.322935 4.827591 -0.025000
v 1.444519 3.068820 0.000000
v -0.318198 4.832328 0.000000
v 1.439835 3.064136 0.024720
v -0.322935 4.827591 0.025000
v 1.427039 3.051340 0.042817
v -0.335876 4.814650 0.043301
v 1.409559 3.033860 0.049441
v -0.353553 4.796972 0.050000
v 1.392079 3.016380 0.042817
v -0.371231 4.779295 0.043301
v 1.379283 3.003584 0.024720
v -0.384172 4.766354 0.025000
v 1.374599 2.998900 0.000000
v -0.388909 4.761617 0.000000
v 1.379283 3.003584 -0.024720
v -0.384172 4.766354 -0.025000
v 1.392079 3.016380 -0.042817
v -0.371231 4.779294 -0.043301
v 0.010155 4.524965 -0.045000
v 0.010127 4.524937 0.000000
v 0.010128 4.524938 0.045000
v -0.011135 4.503675 0.060130
v -0.035695 4.479114 0.060128
v -0.053373 4.461437 0.060130
v -0.053373 4.461437 -0.059975
v -0.301166 4.709229 -0.059975
v -0.283488 4.726907 -0.060097
v -0.301166 4.709229 0.060130
v -0.283488 4.726907 0.060128
v -0.258928 4.751467 0.060130
v -0.237664 4.772731 0.045000
v -0.237665 4.772729 0.000000
v -0.237637 4.772758 -0.045000
v -0.258739 4.751656 -0.060130
v -0.177269 4.585333 -0.059975
v -0.159592 4.603011 -0.060097
v -0.283681 4.727100 -0.050000
v -0.176874 4.584938 0.060130
v -0.159592 4.603011 0.060128
v -0.135032 4.627571 0.060130
v -0.113768 4.648834 0.045000
v -0.113769 4.648833 0.000000
v -0.113741 4.648861 -0.045000
v -0.134843 4.627759 -0.060130
v -0.239217 4.647281 -0.059975
v -0.221540 4.664959 -0.060097
v -0.314300 4.696481 -0.025000
v -0.239217 4.647281 0.060130
v -0.221540 4.664959 0.060128
v -0.196980 4.689519 0.060130
v -0.175716 4.710783 0.045000
v -0.175717 4.710782 0.000000
v -0.175689 4.710809 -0.045000
v -0.196791 4.689707 -0.060130
v -0.115321 4.523385 -0.059975
v -0.097643 4.541062 -0.060097
v -0.301359 4.709422 -0.043301
v -0.115716 4.523779 0.060130
v -0.097643 4.541062 0.060128
v -0.073083 4.565622 0.060130
v -0.051820 4.586886 0.045000
v -0.051821 4.586885 0.000000
v -0.051793 4.586913 -0.045000
v -0.072895 4.565811 -0.060130
v -0.283681 4.727100 0.050000
v -0.266003 4.744778 0.043301
v -0.253062 4.757719 0.025000
v -0.248326 4.762455 0.000000
v -0.253062 4.757719 -0.025000
v -0.266003 4.744778 -0.043301
v -0.018029 4.496804 -0.043301
v -0.005089 4.509745 -0.025000
v -0.000352 4.514482 0.000000
v -0.005089 4.509745 0.025000
v -0.018029 4.496804 0.043301
v -0.035707 4.479126 0.050000
v -0.053385 4.461449 0.043301
v -0.066326 4.448507 0.025000
v -0.071062 4.443771 0.000000
v -0.066326 4.448507 -0.025000
v -0.035707 4.479126 -0.050000
v -0.053385 4.461448 -0.043301
v -0.373565 4.776960 -0.015000
v -0.373565 4.776960 0.015000
v -0.373620 4.776906 0.000000
v -0.333541 4.816984 -0.015000
v -0.333541 4.816984 0.015000
v -0.333487 4.817039 0.000000
v -0.353553 4.796972 0.015000
v -0.353553 4.796972 -0.015000
v -0.344251 4.806275 0.015002
v -0.361944 4.788582 0.015054
v -0.361908 4.788618 -0.015002
v -0.344247 4.806278 -0.015002
v -0.376165 4.781312 0.000000
v -0.374334 4.781261 0.015875
v -0.375924 4.779907 -0.015219
v -0.371772 4.778635 -0.013712
v -0.371772 4.778635 0.013713
v -0.371821 4.778585 0.000000
v -0.335184 4.815223 -0.013712
v -0.335184 4.815223 0.013713
v -0.335134 4.815273 0.000000
v -0.353478 4.796929 0.013713
v -0.353478 4.796929 -0.013712
v -0.344974 4.805433 0.013714
v -0.361148 4.789259 0.013762
v -0.361115 4.789291 -0.013713
v -0.344971 4.805436 -0.013713
v -0.338224 4.818231 -0.014237
v -0.336102 4.819828 0.014809
v -0.339151 4.817168 -0.000132
v -0.356593 4.799443 0.016097
v -0.355649 4.800661 -0.014800
v -0.348146 4.809332 0.014313
v -0.365026 4.792452 0.014363
v -0.364611 4.792396 -0.015730
v -0.348142 4.809336 -0.014312
v -0.364582 4.792045 0.000000
v -0.347733 4.808893 0.000000
v -0.356387 4.799899 0.000000
v -0.603120 4.301732 0.018764
v -0.603119 4.301733 -0.018764
v -0.644636 4.299741 -0.000000
v 1.407737 3.061138 -0.031177
v 1.417055 3.070455 -0.018000
v 1.420465 3.073865 0.000000
v 1.417055 3.070455 0.018000
v 1.407737 3.061137 0.031177
v 1.395009 3.048409 0.036000
v 1.382281 3.035682 0.031177
v 1.372964 3.026364 0.018000
v 1.369553 3.022954 0.000000
v 1.372964 3.026364 -0.018000
v 1.395009 3.048409 -0.036000
v 1.382281 3.035682 -0.031177
v 1.413439 3.055436 -0.031177
v 1.422756 3.064753 -0.018000
v 1.426167 3.068164 0.000000
v 1.422756 3.064753 0.018000
v 1.413439 3.055436 0.031177
v 1.400711 3.042708 0.036000
v 1.387983 3.029980 0.031177
v 1.378666 3.020662 0.018000
v 1.375255 3.017252 0.000000
v 1.378666 3.020662 -0.018000
v 1.400711 3.042708 -0.036000
v 1.387983 3.029980 -0.031177
v 1.406754 3.072020 -0.043301
v 1.419695 3.084961 -0.025000
v 1.424432 3.089697 0.000000
v 1.419695 3.084961 0.025000
v 1.406754 3.072020 0.043301
v 1.389077 3.054342 0.050000
v 1.371399 3.036664 0.043301
v 1.358458 3.023723 0.025000
v 1.353721 3.018987 0.000000
v 1.358458 3.023723 -0.025000
v 1.389077 3.054342 -0.050000
v 1.371399 3.036664 -0.043301
v 1.424573 3.054202 -0.043301
v 1.437514 3.067142 -0.025000
v 1.442250 3.071879 0.000000
v 1.437514 3.067142 0.025000
v 1.424573 3.054202 0.043301
v 1.406895 3.036524 0.050000
v 1.389217 3.018846 0.043301
v 1.376276 3.005905 0.025000
v 1.371540 3.001168 0.000000
v 1.376276 3.005905 -0.025000
v 1.406895 3.036524 -0.050000
v 1.389217 3.018846 -0.043301
v 1.376386 2.975679 0.000000
v 1.414226 2.937839 0.000000
v 1.453035 2.948348 -0.000000
v 1.382505 2.981799 -0.032298
v 1.398166 2.959619 -0.034960
v 1.420345 2.943959 -0.032298
v 1.455852 2.951163 -0.014862
v 1.399224 2.998518 -0.055943
v 1.416263 2.977716 -0.060552
v 1.437064 2.960678 -0.055943
v 1.463545 2.958856 -0.025742
v 1.422063 3.021356 -0.064597
v 1.440983 3.002436 -0.069919
v 1.459903 2.983516 -0.064597
v 1.474054 2.969364 -0.029724
v 1.444901 3.044195 -0.055943
v 1.465703 3.027156 -0.060552
v 1.482741 3.006355 -0.055943
v 1.484563 2.979874 -0.025742
v 1.412755 3.030663 0.000000
v 1.461620 3.060914 -0.032298
v 1.483799 3.045253 -0.034960
v 1.499460 3.023074 -0.032298
v 1.492256 2.987567 -0.014862
v 1.467740 3.067033 0.000000
v 1.490423 3.051877 0.000000
v 1.505580 3.029193 0.000000
v 1.495071 2.990384 -0.000000
v 1.461620 3.060914 0.032299
v 1.483799 3.045253 0.034960
v 1.499460 3.023074 0.032299
v 1.492255 2.987568 0.014862
v 1.444901 3.044195 0.055943
v 1.465703 3.027156 0.060552
v 1.482741 3.006355 0.055943
v 1.484561 2.979876 0.025741
v 1.422063 3.021356 0.064597
v 1.440983 3.002436 0.069919
v 1.459903 2.983516 0.064597
v 1.474052 2.969367 0.029724
v 1.399224 2.998518 0.055943
v 1.416263 2.977716 0.060552
v 1.437064 2.960678 0.055943
v 1.463543 2.958858 0.025741
v 1.382505 2.981799 0.032299
v 1.398166 2.959619 0.034960
v 1.420345 2.943959 0.032299
v 1.455851 2.951164 0.014862
v 1.391542 2.952996 0.000000
v 1.520023 2.923396 0.000006
v -0.378509 4.631973 0.022800
v -0.130698 4.384123 0.022800
v -0.192220 4.447724 0.022800
v -0.315315 4.570818 0.022800
v -0.253745 4.509249 0.022800
v -0.378509 4.631974 -0.022800
v -0.130697 4.384124 -0.022800
v -0.191795 4.447299 -0.022800
v -0.315480 4.570985 -0.022800
v -0.253621 4.509125 -0.022800
v -0.130747 4.384058 -0.000000
v -0.378509 4.631974 -0.000000
usemtl Material.001
s off
f 341 33 34 338
f 342 341 30 44
f 339 31 32 340
f 37 24 23 35
f 347 78 65 346
f 346 343 69 68
f 44 30 28 46
f 39 38 27 40
f 13 11 10 14
f 13 12 11
f 14 10 9 15
f 25 16 15 9
f 40 17 16 25
f 27 18 17 40
f 22 21 237 20 28 43 41 35 23
f 20 19 18 27 46 28
f 344 345 67 66
f 71 70 59 60
f 340 342 44 38
f 38 44 46 27
f 42 37 35 41 43 28 30 29
f 78 80 63 65
f 73 74 62 72
f 49 50 26 47
f 49 47 48
f 50 51 36 26
f 61 36 51 52
f 74 61 52 53
f 62 74 53 54
f 58 59 70 75 77 63 56 238 57
f 56 63 80 62 54 55
f 345 72 78 347
f 72 62 80 78
f 76 64 65 63 77 75 70 71
f 85 60 59 84
f 87 55 54 86
f 89 50 49 88
f 91 90 74 73
f 14 89 88 13
f 94 36 61 93
f 95 56 55 87
f 96 51 50 89
f 97 26 36 94
f 93 61 74 90
f 348 91 73 344
f 19 87 86 18
f 239 238 56 95
f 101 52 51 96
f 102 47 26 97
f 24 85 84 23
f 92 103 64 76
f 99 58 57 100
f 105 53 52 101
f 106 48 47 102
f 107 71 60 85
f 141 172 152 142
f 349 82 69 343
f 107 92 76 71
f 84 59 58 99
f 86 54 53 105
f 88 49 48 106
f 39 40 90 91
f 9 94 93 25
f 20 95 87 19
f 15 96 89 14
f 10 97 94 9
f 25 93 90 40
f 339 39 91 348
f 237 239 95 20
f 16 101 96 15
f 11 102 97 10
f 153 163 33 45
f 42 29 103 92
f 22 99 100 21
f 17 105 101 16
f 12 106 102 11
f 37 107 85 24
f 143 81 83 34
f 338 34 82 349
f 37 42 92 107
f 23 84 99 22
f 18 86 105 17
f 13 88 106 12
f 194 98 66 195
f 197 140 109 196
f 164 144 143 163
f 68 69 141 160
f 165 145 144 164
f 191 138 139 192
f 166 146 145 165
f 190 137 138 191
f 167 147 146 166
f 189 136 137 190
f 168 148 147 167
f 188 135 136 189
f 169 149 148 168
f 187 134 135 188
f 161 142 149 169
f 186 108 134 187
f 82 104 162 69
f 196 109 108 186
f 144 180 81 143
f 193 31 98 194
f 160 141 142 161
f 69 162 172 141
f 145 181 180 144
f 174 154 153 173
f 175 155 154 174
f 176 156 155 175
f 177 157 156 176
f 178 158 157 177
f 179 159 158 178
f 171 151 159 179
f 146 182 181 145
f 170 150 151 171
f 67 79 150 170
f 147 183 182 146
f 195 66 140 197
f 154 164 163 153
f 155 165 164 154
f 156 166 165 155
f 157 167 166 156
f 158 168 167 157
f 159 169 168 158
f 151 161 169 159
f 148 184 183 147
f 150 160 161 151
f 79 68 160 150
f 149 185 184 148
f 192 139 31 193
f 138 174 173 139
f 137 175 174 138
f 136 176 175 137
f 135 177 176 136
f 134 178 177 135
f 108 179 178 134
f 109 171 179 108
f 142 152 185 149
f 140 170 171 109
f 66 67 170 140
f 34 83 104 82
f 163 143 34 33
f 173 153 45 32
f 139 173 32 31
f 223 213 212 232
f 219 221 230 228
f 220 223 232 229
f 221 217 226 230
f 228 236 234 210 211 231
f 236 229 232 212 210 234
f 229 236 235 227 225 233
f 236 228 230 226 227 235
f 222 219 228 231
f 224 220 229 233
f 215 214 211 210
f 214 222 231 211
f 216 224 233 225
f 213 215 210 212
f 218 216 225 227
f 217 218 227 226
f 100 57 238 239
f 21 100 239 237
f 281 257 258 282
f 282 258 259 283
f 287 263 262 286
f 284 260 261 285
f 280 256 257 281
f 279 255 256 280
f 278 254 255 279
f 277 253 254 278
f 276 252 253 277
f 285 261 263 287
f 286 262 252 276
f 283 259 260 284
f 122 281 282 124
f 124 282 283 126
f 132 287 286 110
f 128 284 285 130
f 120 280 281 122
f 118 279 280 120
f 116 278 279 118
f 114 277 278 116
f 112 276 277 114
f 130 285 287 132
f 110 286 276 112
f 126 283 284 128
f 288 128 130 291
f 290 289 293 294
f 293 292 296 297
f 292 291 295 296
f 291 130 132 295
f 294 293 297 298
f 297 296 300 301
f 296 295 299 300
f 295 132 110 299
f 298 297 301 302
f 301 300 304 305
f 300 299 303 304
f 299 110 112 303
f 302 301 305 306
f 305 304 309 310
f 304 303 308 309
f 303 112 114 308
f 306 305 310 311
f 310 309 313 314
f 309 308 312 313
f 308 114 116 312
f 311 310 314 315
f 314 313 317 318
f 313 312 316 317
f 312 116 118 316
f 315 314 318 319
f 318 317 321 322
f 317 316 320 321
f 320 120 122 324
f 319 318 322 323
f 322 321 325 326
f 321 320 324 325
f 324 122 124 328
f 323 322 326 327
f 326 325 329 330
f 325 324 328 329
f 332 126 128 288
f 327 326 330 331
f 330 329 333 334
f 329 328 332 333
f 331 330 334 335
f 289 336 292 293
f 336 288 291 292
f 328 124 126 332
f 334 333 336 289
f 333 332 288 336
f 316 118 120 320
f 335 334 289 290
f 335 337 331
f 327 323 319 315 311 306 302 298 294 290 335 331
f 331 337 327
f 323 337 319
f 290 337 335
f 294 337 290
f 298 337 294
f 302 337 298
f 306 337 302
f 311 337 306
f 315 337 311
f 319 337 315
f 327 337 323
f 30 341 338 29
f 45 33 341 342
f 39 339 340 38
f 79 347 346 68
f 65 64 343 346
f 73 72 345 344
f 32 45 342 340
f 67 345 347 79
f 98 348 344 66
f 103 349 343 64
f 31 339 348 98
f 29 338 349 103
usemtl Material.002
f 269 191 192 270
f 270 192 193 271
f 275 197 196 274
f 272 194 195 273
f 152 111 113 185
f 185 113 115 184
f 184 115 117 183
f 183 117 119 182
f 182 119 121 181
f 181 121 123 180
f 180 123 125 81
f 81 125 127 83
f 83 127 129 104
f 104 129 131 162
f 198 131 129 200
f 172 133 111 152
f 162 131 133 172
f 268 190 191 269
f 267 189 190 268
f 266 188 189 267
f 265 187 188 266
f 264 186 187 265
f 273 195 197 275
f 274 196 186 264
f 271 193 194 272
f 200 129 127 199
f 208 133 131 198
f 205 111 133 208
f 209 113 111 205
f 201 115 113 209
f 203 117 115 201
f 202 119 117 203
f 206 121 119 202
f 204 123 121 206
f 207 125 123 204
f 199 127 125 207
f 204 206 221 219
f 208 198 213 223
f 206 202 217 221
f 205 208 223 220
f 200 199 214 215
f 207 204 219 222
f 209 205 220 224
f 199 207 222 214
f 201 209 224 216
f 203 201 216 218
f 198 200 215 213
f 202 203 218 217
f 257 245 246 258
f 258 246 247 259
f 263 251 250 262
f 260 248 249 261
f 256 244 245 257
f 255 243 244 256
f 254 242 243 255
f 253 241 242 254
f 252 240 241 253
f 261 249 251 263
f 262 250 240 252
f 259 247 248 260
f 245 269 270 246
f 246 270 271 247
f 251 275 274 250
f 248 272 273 249
f 244 268 269 245
f 243 267 268 244
f 242 266 267 243
f 241 265 266 242
f 240 264 265 241
f 249 273 275 251
f 250 274 264 240
f 247 271 272 248