# Blender v2.69 (sub 0) OBJ File: ''
# www.blender.org
o Suzanne_Suzanne.001
v 0.689512 0.164062 -0.211953
v -0.185488 0.164062 -0.211953
v 0.752012 0.093750 -0.290078
v -0.247988 0.093750 -0.290078
v 0.798887 0.054687 -0.399453
v -0.294863 0.054687 -0.399453
v 0.603575 -0.023438 -0.360391
v -0.099550 -0.023438 -0.360391
v 0.603575 0.031250 -0.258828
v -0.099550 0.031250 -0.258828
v 0.603575 0.132812 -0.196328
v -0.099550 0.132812 -0.196328
v 0.525450 0.164062 -0.180703
v -0.021425 0.164062 -0.180703
v 0.455137 0.093750 -0.235391
v 0.048887 0.093750 -0.235391
v 0.408262 0.054687 -0.329141
v 0.095762 0.054687 -0.329141
v 0.330137 0.242187 -0.321328
v 0.173887 0.242187 -0.321328
v 0.392637 0.242187 -0.235391
v 0.111387 0.242187 -0.235391
v 0.494200 0.242187 -0.180703
v 0.009825 0.242187 -0.180703
v 0.525450 0.328125 -0.180703
v -0.021425 0.328125 -0.180703
v 0.455137 0.390625 -0.235391
v 0.048887 0.390625 -0.235391
v 0.408262 0.437500 -0.329141
v 0.095762 0.437500 -0.329141
v 0.603575 0.515625 -0.360391
v -0.099550 0.515625 -0.360391
v 0.603575 0.453125 -0.258828
v -0.099550 0.453125 -0.258828
v 0.603575 0.359375 -0.196328
v -0.099550 0.359375 -0.196328
v 0.689512 0.328125 -0.211953
v -0.185488 0.328125 -0.211953
v 0.752012 0.390625 -0.290078
v -0.247988 0.390625 -0.290078
v 0.798887 0.437500 -0.399453
v -0.294863 0.437500 -0.399453
v 0.877012 0.242187 -0.415078
v -0.372988 0.242187 -0.415078
v 0.814512 0.242187 -0.305703
v -0.310488 0.242187 -0.305703
v 0.720762 0.242187 -0.219766
v -0.216738 0.242187 -0.219766
v 0.728575 0.242187 -0.204141
v -0.224550 0.242187 -0.204141
v 0.697325 0.335937 -0.196328
v -0.193300 0.335937 -0.196328
v 0.603575 0.375000 -0.172891
v -0.099550 0.375000 -0.172891
v 0.517637 0.335937 -0.157266
v -0.013613 0.335937 -0.157266
v 0.478575 0.242187 -0.157266
v 0.025450 0.242187 -0.157266
v 0.517637 0.156250 -0.157266
v -0.013613 0.156250 -0.157266
v 0.603575 0.242187 -0.149453
v -0.099550 0.242187 -0.149453
v 0.603575 0.117187 -0.172891
v -0.099550 0.117187 -0.172891
v 0.697325 0.156250 -0.196328
v -0.193300 0.156250 -0.196328
v 0.252012 0.429687 -0.235391
v 0.252012 0.351562 -0.157266
v 0.252012 -0.679688 -0.243203
v 0.252012 -0.320313 -0.196328
v 0.252012 -0.187500 -0.180703
v 0.252012 -0.773438 -0.258828
v 0.252012 0.406250 -0.376016
v 0.252012 0.570312 -0.407266
v 0.252012 0.898438 -1.524453
v 0.252012 0.562500 -1.829141
v 0.252012 0.070313 -1.805703
v 0.252012 -0.382812 -1.329141
v 0.455137 -0.187500 -0.415078
v 0.048887 -0.187500 -0.415078
v 0.564512 -0.437500 -0.407266
v -0.060488 -0.437500 -0.407266
v 0.603575 -0.695312 -0.407266
v -0.099550 -0.695312 -0.407266
v 0.619200 -0.890625 -0.446328
v -0.115175 -0.890625 -0.446328
v 0.580137 -0.945312 -0.454141
v -0.076113 -0.945312 -0.454141
v 0.431700 -0.968750 -0.422891
v 0.072325 -0.968750 -0.422891
v 0.252012 -0.984375 -0.399453
v 0.689512 -0.140625 -0.446328
v -0.185488 -0.140625 -0.446328
v 0.884825 -0.039063 -0.438516
v -0.380800 -0.039063 -0.438516
v 1.080137 0.148437 -0.532266
v -0.576113 0.148437 -0.532266
v 1.111387 0.429687 -0.383828
v -0.607363 0.429687 -0.383828
v 0.962950 0.484375 -0.352578
v -0.458925 0.484375 -0.352578
v 0.744200 0.601562 -0.290078
v -0.240175 0.601562 -0.290078
v 0.572325 0.757812 -0.243203
v -0.068300 0.757812 -0.243203
v 0.408262 0.718750 -0.219766
v 0.095762 0.718750 -0.219766
v 0.314512 0.492187 -0.227578
v 0.189512 0.492187 -0.227578
v 0.416075 0.414062 -0.204141
v 0.087950 0.414062 -0.204141
v 0.377012 0.304687 -0.211953
v 0.127012 0.304687 -0.211953
v 0.455137 0.093750 -0.235391
v 0.048887 0.093750 -0.235391
v 0.627012 0.015625 -0.274453
v -0.122988 0.015625 -0.274453
v 0.744200 0.062500 -0.305703
v -0.240175 0.062500 -0.305703
v 0.877012 0.187500 -0.329141
v -0.372988 0.187500 -0.329141
v 0.892637 0.296875 -0.329141
v -0.388613 0.296875 -0.329141
v 0.853575 0.375000 -0.313516
v -0.349550 0.375000 -0.313516
v 0.681700 0.437500 -0.258828
v -0.177675 0.437500 -0.258828
v 0.502012 0.468750 -0.219766
v 0.002012 0.468750 -0.219766
v 0.252012 -0.765625 -0.243203
v 0.361387 -0.718750 -0.243203
v 0.142637 -0.718750 -0.243203
v 0.369200 -0.835938 -0.266641
v 0.134825 -0.835938 -0.266641
v 0.314512 -0.882813 -0.282266
v 0.189512 -0.882813 -0.282266
v 0.252012 -0.890625 -0.290078
v 0.252012 -0.195313 -0.227578
v 0.252012 -0.140625 -0.235391
v 0.353575 -0.148438 -0.235391
v 0.150450 -0.148438 -0.235391
v 0.377012 -0.226563 -0.227578
v 0.127012 -0.226563 -0.227578
v 0.337950 -0.289063 -0.235391
v 0.166075 -0.289063 -0.235391
v 0.650450 -0.046875 -0.305703
v -0.146425 -0.046875 -0.305703
v 0.869200 0.054687 -0.352578
v -0.365175 0.054687 -0.352578
v 0.978575 0.203125 -0.376016
v -0.474550 0.203125 -0.376016
v 0.994200 0.375000 -0.321328
v -0.490175 0.375000 -0.321328
v 0.939512 0.414062 -0.251016
v -0.435488 0.414062 -0.251016
v 0.689512 0.546875 -0.180703
v -0.185488 0.546875 -0.180703
v 0.564512 0.640625 -0.141641
v -0.060488 0.640625 -0.141641
v 0.455137 0.617187 -0.126016
v 0.048887 0.617187 -0.126016
v 0.353575 0.429687 -0.133828
v 0.150450 0.429687 -0.133828
v 0.377012 -0.101563 -0.165078
v 0.127012 -0.101563 -0.165078
v 0.462950 -0.445313 -0.266641
v 0.041075 -0.445313 -0.266641
v 0.502012 -0.703125 -0.290078
v 0.002012 -0.703125 -0.290078
v 0.517637 -0.820312 -0.313516
v -0.013613 -0.820312 -0.313516
v 0.486387 -0.914062 -0.344766
v 0.017637 -0.914062 -0.344766
v 0.416075 -0.929688 -0.344766
v 0.087950 -0.929688 -0.344766
v 0.252012 -0.945312 -0.336953
v 0.252012 0.046875 -0.251016
v 0.252012 0.210937 -0.211953
v 0.580137 0.476562 -0.235391
v -0.076113 0.476562 -0.235391
v 0.416075 0.140625 -0.227578
v 0.087950 0.140625 -0.227578
v 0.384825 0.210937 -0.219766
v 0.119200 0.210937 -0.219766
v 0.369200 -0.687500 -0.243203
v 0.134825 -0.687500 -0.243203
v 0.330137 -0.445313 -0.227578
v 0.173887 -0.445313 -0.227578
v 0.252012 -0.445313 -0.227578
v 0.252012 -0.328125 -0.235391
v 0.345762 -0.273438 -0.196328
v 0.158262 -0.273438 -0.196328
v 0.384825 -0.226563 -0.180703
v 0.119200 -0.226563 -0.180703
v 0.361387 -0.132813 -0.196328
v 0.142637 -0.132813 -0.196328
v 0.291075 -0.125000 -0.196328
v 0.212950 -0.125000 -0.196328
v 0.252012 -0.203125 -0.149453
v 0.298887 -0.148438 -0.165078
v 0.205137 -0.148438 -0.165078
v 0.345762 -0.156250 -0.165078
v 0.158262 -0.156250 -0.165078
v 0.361387 -0.226563 -0.149453
v 0.142637 -0.226563 -0.149453
v 0.330137 -0.250000 -0.172891
v 0.173887 -0.250000 -0.172891
v 0.252012 -0.289063 -0.172891
v 0.509825 -0.312500 -0.422891
v -0.005800 -0.312500 -0.422891
v 0.416075 -0.242188 -0.266641
v 0.087950 -0.242188 -0.266641
v 0.431700 -0.312500 -0.266641
v 0.072325 -0.312500 -0.266641
v 0.486387 -0.250000 -0.422891
v 0.017637 -0.250000 -0.422891
v 0.252012 -0.875000 -0.290078
v 0.298887 -0.867188 -0.290078
v 0.205137 -0.867188 -0.290078
v 0.345762 -0.820313 -0.266641
v 0.158262 -0.820313 -0.266641
v 0.345762 -0.742188 -0.251016
v 0.158262 -0.742188 -0.251016
v 0.252012 -0.781250 -0.321328
v 0.345762 -0.750000 -0.313516
v 0.158262 -0.750000 -0.313516
v 0.345762 -0.812500 -0.336953
v 0.158262 -0.812500 -0.336953
v 0.298887 -0.851562 -0.344766
v 0.205137 -0.851562 -0.344766
v 0.252012 -0.859375 -0.344766
v 0.423887 0.218750 -0.196328
v 0.080137 0.218750 -0.196328
v 0.439512 0.156250 -0.204141
v 0.064512 0.156250 -0.204141
v 0.587950 0.429687 -0.219766
v -0.083925 0.429687 -0.219766
v 0.525450 0.421875 -0.204141
v -0.021425 0.421875 -0.204141
v 0.673887 0.398437 -0.204141
v -0.169863 0.398437 -0.204141
v 0.814512 0.351562 -0.282266
v -0.310488 0.351562 -0.282266
v 0.837950 0.289062 -0.290078
v -0.333925 0.289062 -0.290078
v 0.830137 0.195312 -0.297891
v -0.326113 0.195312 -0.297891
v 0.728575 0.101562 -0.258828
v -0.224550 0.101562 -0.258828
v 0.627012 0.062500 -0.235391
v -0.122988 0.062500 -0.235391
v 0.478575 0.109375 -0.196328
v 0.025450 0.109375 -0.196328
v 0.431700 0.296875 -0.196328
v 0.072325 0.296875 -0.196328
v 0.462950 0.375000 -0.196328
v 0.041075 0.375000 -0.196328
v 0.486387 0.359375 -0.219766
v 0.017637 0.359375 -0.219766
v 0.447325 0.296875 -0.219766
v 0.056700 0.296875 -0.219766
v 0.494200 0.125000 -0.219766
v 0.009825 0.125000 -0.219766
v 0.627012 0.085937 -0.251016
v -0.122988 0.085937 -0.251016
v 0.712950 0.117187 -0.274453
v -0.208925 0.117187 -0.274453
v 0.798887 0.210937 -0.305703
v -0.294863 0.210937 -0.305703
v 0.806700 0.281250 -0.305703
v -0.302675 0.281250 -0.305703
v 0.783262 0.335937 -0.297891
v -0.279238 0.335937 -0.297891
v 0.666075 0.390625 -0.227578
v -0.162050 0.390625 -0.227578
v 0.533262 0.398437 -0.211953
v -0.029238 0.398437 -0.211953
v 0.587950 0.406250 -0.227578
v -0.083925 0.406250 -0.227578
v 0.455137 0.171875 -0.227578
v 0.048887 0.171875 -0.227578
v 0.447325 0.226562 -0.227578
v 0.056700 0.226562 -0.227578
v 0.361387 0.460937 -0.368203
v 0.142637 0.460937 -0.368203
v 0.447325 0.664062 -0.360391
v 0.056700 0.664062 -0.360391
v 0.587950 0.687500 -0.383828
v -0.083925 0.687500 -0.383828
v 0.736387 0.554688 -0.422891
v -0.232363 0.554688 -0.422891
v 0.931700 0.453125 -0.485391
v -0.427675 0.453125 -0.485391
v 1.048887 0.406250 -0.516641
v -0.544863 0.406250 -0.516641
v 1.025450 0.164062 -0.602578
v -0.521425 0.164062 -0.602578
v 0.853575 -0.000000 -0.563516
v -0.349550 -0.000000 -0.563516
v 0.689512 -0.093750 -0.508828
v -0.185488 -0.093750 -0.508828
v 0.252012 0.898438 -0.688516
v 0.252012 0.984375 -1.055703
v 0.252012 -0.195312 -1.649453
v 0.252012 -0.460938 -0.790078
v 0.252012 -0.976562 -0.516641
v 0.252012 -0.804688 -0.633828
v 0.252012 -0.570312 -0.657266
v 0.252012 -0.484375 -0.696328
v 1.103575 0.234375 -0.922891
v -0.599550 0.234375 -0.922891
v 1.111387 0.320312 -1.024453
v -0.607363 0.320312 -1.024453
v 1.025450 0.265625 -1.415078
v -0.521425 0.265625 -1.415078
v 0.712950 0.437500 -1.680703
v -0.208925 0.437500 -1.680703
v 0.986387 -0.046875 -0.907266
v -0.482363 -0.046875 -0.907266
v 0.845762 -0.125000 -1.141641
v -0.341738 -0.125000 -1.141641
v 0.892637 -0.007812 -1.407266
v -0.388613 -0.007812 -1.407266
v 0.587950 0.054688 -1.641641
v -0.083925 0.054688 -1.641641
v 0.486387 -0.351563 -0.571328
v 0.017637 -0.351563 -0.571328
v 0.431700 -0.414062 -0.719766
v 0.072325 -0.414062 -0.719766
v 0.541075 -0.710938 -0.594766
v -0.037050 -0.710938 -0.594766
v 0.502012 -0.500000 -0.586953
v 0.002012 -0.500000 -0.586953
v 0.580137 -0.914062 -0.579141
v -0.076113 -0.914062 -0.579141
v 0.392637 -0.757812 -0.610391
v 0.111387 -0.757812 -0.610391
v 0.377012 -0.539062 -0.618203
v 0.127012 -0.539062 -0.618203
v 0.416075 -0.945312 -0.540078
v 0.087950 -0.945312 -0.540078
v 0.470762 -0.281250 -0.547891
v 0.033262 -0.281250 -0.547891
v 0.462950 -0.226563 -0.508828
v 0.041075 -0.226563 -0.508828
v 0.455137 -0.171875 -0.477578
v 0.048887 -0.171875 -0.477578
v 0.462950 -0.390625 -0.813516
v 0.041075 -0.390625 -0.813516
v 0.548887 -0.312500 -1.243203
v -0.044863 -0.312500 -1.243203
v 0.595762 -0.148437 -1.516641
v -0.091738 -0.148437 -1.516641
v 0.705137 0.867188 -1.360391
v -0.201113 0.867188 -1.360391
v 0.705137 0.929688 -1.047891
v -0.201113 0.929688 -1.047891
v 0.705137 0.851562 -0.743203
v -0.201113 0.851562 -0.743203
v 0.712950 0.523438 -0.547891
v -0.208925 0.523438 -0.547891
v 0.978575 0.406250 -0.641641
v -0.474550 0.406250 -0.641641
v 0.884825 0.453125 -0.696328
v -0.380800 0.453125 -0.696328
v 0.892637 0.703125 -0.922891
v -0.388613 0.703125 -0.922891
v 1.048887 0.562500 -0.852578
v -0.544863 0.562500 -0.852578
v 1.048887 0.617188 -1.094766
v -0.544863 0.617188 -1.094766
v 0.892637 0.750000 -1.172891
v -0.388613 0.750000 -1.172891
v 0.892637 0.679688 -1.422891
v -0.388613 0.679688 -1.422891
v 1.048887 0.539062 -1.336953
v -0.544863 0.539062 -1.336953
v 0.869200 0.328125 -1.563516
v -0.365175 0.328125 -1.563516
v 0.736387 0.023438 -1.524453
v -0.232363 0.023438 -1.524453
v 1.072325 0.328125 -1.180703
v -0.568300 0.328125 -1.180703
v 0.658262 -0.171875 -0.829141
v -0.154238 -0.171875 -0.829141
v 0.681700 -0.195312 -1.188516
v -0.177675 -0.195312 -1.188516
v 1.142637 0.406250 -1.211953
v -0.638613 0.406250 -1.211953
v 1.025450 -0.140625 -1.102578
v -0.521425 -0.140625 -1.102578
v 1.291075 -0.101562 -1.305703
v -0.787050 -0.101562 -1.305703
v 1.533262 0.054688 -1.407266
v -1.029238 0.054688 -1.407266
v 1.603575 0.320313 -1.399453
v -1.099550 0.320313 -1.399453
v 1.486387 0.507812 -1.399453
v -0.982363 0.507812 -1.399453
v 1.275450 0.476562 -1.290078
v -0.771425 0.476562 -1.290078
v 1.267637 0.414062 -1.266641
v -0.763613 0.414062 -1.266641
v 1.439512 0.437500 -1.368203
v -0.935488 0.437500 -1.368203
v 1.517637 0.289063 -1.383828
v -1.013613 0.289063 -1.383828
v 1.462950 0.078125 -1.383828
v -0.958925 0.078125 -1.383828
v 1.283262 -0.039062 -1.282266
v -0.779238 -0.039062 -1.282266
v 1.080137 -0.070312 -1.110391
v -0.576113 -0.070312 -1.110391
v 1.173887 0.359375 -1.196328
v -0.669863 0.359375 -1.196328
v 1.197325 0.304688 -1.266641
v -0.693300 0.304688 -1.266641
v 1.134825 -0.023437 -1.188516
v -0.630800 -0.023437 -1.188516
v 1.291075 0.000000 -1.344766
v -0.787050 0.000000 -1.344766
v 1.439512 0.093750 -1.422891
v -0.935488 0.093750 -1.422891
v 1.486387 0.250000 -1.422891
v -0.982363 0.250000 -1.422891
v 1.423887 0.359375 -1.415078
v -0.919863 0.359375 -1.415078
v 1.275450 0.343750 -1.336953
v -0.771425 0.343750 -1.336953
v 1.095762 0.289062 -1.188516
v -0.591738 0.289062 -1.188516
v 1.087950 0.171875 -1.251016
v -0.583925 0.171875 -1.251016
v 1.009825 0.093750 -1.251016
v -0.505800 0.093750 -1.251016
v 1.072325 0.085938 -1.251016
v -0.568300 0.085938 -1.251016
v 1.095762 0.015625 -1.251016
v -0.591738 0.015625 -1.251016
v 1.064512 -0.015625 -1.251016
v -0.560488 -0.015625 -1.251016
v 0.978575 0.000000 -1.047891
v -0.474550 0.000000 -1.047891
v 0.970762 -0.023437 -1.149453
v -0.466738 -0.023437 -1.149453
v 0.970762 0.039063 -1.165078
v -0.466738 0.039063 -1.165078
v 1.048887 0.203125 -1.188516
v -0.544863 0.203125 -1.188516
v 1.142637 0.242188 -1.243203
v -0.638613 0.242188 -1.243203
v 1.142637 0.234375 -1.297891
v -0.638613 0.234375 -1.297891
v 1.064512 -0.015625 -1.297891
v -0.560488 -0.015625 -1.297891
v 1.103575 0.015625 -1.297891
v -0.599550 0.015625 -1.297891
v 1.080137 0.078125 -1.297891
v -0.576113 0.078125 -1.297891
v 1.017637 0.093750 -1.297891
v -0.513613 0.093750 -1.297891
v 1.095762 0.171875 -1.297891
v -0.591738 0.171875 -1.297891
v 1.291075 0.328125 -1.391641
v -0.787050 0.328125 -1.391641
v 1.439512 0.343750 -1.461953
v -0.935488 0.343750 -1.461953
v 1.509825 0.242188 -1.469766
v -1.005800 0.242188 -1.469766
v 1.462950 0.085938 -1.461953
v -0.958925 0.085938 -1.461953
v 1.298887 0.000000 -1.399453
v -0.794863 0.000000 -1.399453
v 1.134825 -0.015625 -1.243203
v -0.630800 -0.015625 -1.243203
v 1.205137 0.289063 -1.321328
v -0.701113 0.289063 -1.321328
v 1.142637 0.109375 -1.305703
v -0.638613 0.109375 -1.305703
v 1.189512 0.062500 -1.313516
v -0.685488 0.062500 -1.313516
v 1.252012 0.125000 -1.344766
v -0.747988 0.125000 -1.344766
v 1.212950 0.171875 -1.329141
v -0.708925 0.171875 -1.329141
v 1.267637 0.234375 -1.352578
v -0.763613 0.234375 -1.352578
v 1.306700 0.187500 -1.360391
v -0.802675 0.187500 -1.360391
v 1.361387 0.210938 -1.368203
v -0.857363 0.210938 -1.368203
v 1.337950 0.273438 -1.368203
v -0.833925 0.273438 -1.368203
v 1.275450 0.437500 -1.461953
v -0.771425 0.437500 -1.461953
v 1.502012 0.468750 -1.524453
v -0.997988 0.468750 -1.524453
v 1.619200 0.296875 -1.477578
v -1.115175 0.296875 -1.477578
v 1.564512 0.054688 -1.508828
v -1.060488 0.054688 -1.508828
v 1.291075 -0.085937 -1.469766
v -0.787050 -0.085937 -1.469766
v 1.041075 -0.125000 -1.305703
v -0.537050 -0.125000 -1.305703
v 1.111387 0.382813 -1.360391
v -0.607363 0.382813 -1.360391
vn 0.663036 -0.192883 0.723312
vn -0.666010 -0.204926 0.717242
vn 0.828520 -0.299015 0.473440
vn -0.830101 -0.307090 0.465433
vn 0.425062 -0.779280 0.460483
vn -0.408092 -0.803818 0.432825
vn 0.338487 -0.548583 0.764515
vn -0.371366 -0.486617 0.790753
vn -0.039277 -0.523693 0.851001
vn 0.099184 -0.547220 0.831091
vn -0.283710 -0.844293 0.454619
vn 0.258889 -0.838801 0.478945
vn -0.765568 -0.322345 0.556776
vn 0.765568 -0.322344 0.556777
vn -0.465798 -0.186319 0.865053
vn 0.465798 -0.186319 0.865053
vn -0.467208 0.169894 0.867671
vn 0.482283 0.203067 0.852154
vn -0.771027 0.324643 0.547835
vn 0.771027 0.324643 0.547835
vn -0.265910 0.820997 0.505229
vn 0.265910 0.820997 0.505229
vn -0.055385 0.553849 0.830773
vn 0.055385 0.553849 0.830773
vn 0.344839 0.578837 0.738941
vn -0.344839 0.578837 0.738941
vn 0.423136 0.752934 0.504030
vn -0.423136 0.752934 0.504030
vn 0.828520 0.299015 0.473440
vn -0.828520 0.299015 0.473440
vn 0.665187 0.175917 0.725658
vn -0.665187 0.175917 0.725658
vn 0.768350 0.329293 -0.548821
vn -0.768350 0.329293 -0.548821
vn 0.197727 0.815623 -0.543749
vn -0.197727 0.815623 -0.543749
vn -0.408248 0.816497 -0.408248
vn 0.408248 0.816497 -0.408248
vn -0.796396 0.289598 -0.530930
vn 0.796396 0.289598 -0.530930
vn -0.789474 -0.315789 -0.526316
vn 0.832845 -0.378566 -0.403803
vn -0.408248 -0.816496 -0.408249
vn 0.432041 -0.750388 -0.500258
vn 0.197727 -0.815623 -0.543749
vn -0.214297 -0.826574 -0.520435
vn 0.752217 -0.356313 -0.554265
vn -0.839964 -0.343622 -0.419982
vn 0.400039 -0.062344 0.914375
vn -0.400039 -0.062344 0.914375
vn 0.306938 -0.175393 0.935429
vn -0.306938 -0.175393 0.935429
vn 0.094511 -0.183464 0.978473
vn -0.094511 -0.183464 0.978473
vn -0.062353 -0.028342 0.997652
vn 0.062353 -0.028342 0.997652
vn -0.062357 0.025982 0.997716
vn 0.062357 0.025982 0.997716
vn 0.099561 0.172922 0.979891
vn -0.099561 0.172922 0.979891
vn 0.303571 0.165584 0.938310
vn -0.303571 0.165584 0.938310
vn 0.400163 0.057166 0.914659
vn -0.400163 0.057166 0.914659
vn 0.105862 -0.880771 0.461558
vn -0.105862 -0.880771 0.461558
vn 0.196715 -0.885219 0.421533
vn -0.196715 -0.885219 0.421533
vn 0.548630 -0.488780 0.678306
vn -0.623035 -0.426287 0.655826
vn 0.756147 -0.069645 0.650685
vn -0.789793 -0.017320 0.613129
vn 0.801465 0.121434 0.585582
vn -0.752771 0.054417 0.656029
vn 0.229854 -0.896039 0.379843
vn -0.435894 -0.688253 0.579917
vn 0.292804 -0.619134 0.728656
vn -0.292804 -0.619134 0.728656
vn 0.689086 -0.423923 0.587750
vn -0.689836 -0.414590 0.593500
vn 0.572975 -0.431433 0.696825
vn -0.572975 -0.431433 0.696825
vn 0.386059 0.714362 0.583649
vn -0.386059 0.714362 0.583649
vn 0.507932 0.641599 0.574766
vn -0.507932 0.641599 0.574766
vn 0.630433 0.520792 0.575613
vn -0.581008 0.510582 0.633826
vn -0.051675 0.664392 0.745596
vn 0.051675 0.664392 0.745596
vn -0.787931 0.307647 0.533403
vn 0.787931 0.307647 0.533403
vn -0.622543 0.553372 0.553372
vn 0.622543 0.553372 0.553372
vn 0.401600 -0.395017 0.826244
vn -0.401601 -0.395017 0.826244
vn 0.218052 -0.470992 0.854763
vn -0.222422 -0.467656 0.855468
vn -0.171075 -0.564549 0.807476
vn 0.171075 -0.564549 0.807476
vn -0.180307 -0.703398 0.687547
vn 0.180308 -0.703398 0.687547
vn 0.420678 -0.613696 0.668137
vn -0.420678 -0.613696 0.668137
vn 0.437336 -0.308531 0.844717
vn -0.437336 -0.308531 0.844717
vn 0.343363 -0.105650 0.933242
vn -0.343363 -0.105650 0.933242
vn 0.357888 -0.306761 0.881938
vn -0.322277 -0.276237 0.905445
vn 0.306946 0.211293 0.927976
vn -0.481543 -0.240772 0.842701
vn 0.386906 0.171414 0.906047
vn 0.292159 0.282884 0.913575
vn 0.429933 -0.721674 0.542535
vn -0.429933 -0.721674 0.542535
vn 0.386342 -0.044578 0.921278
vn -0.054742 -0.361903 0.930607
vn -0.062563 -0.137640 0.988504
vn 0.062563 -0.137640 0.988504
vn 0.020355 -0.783677 0.620835
vn -0.097666 -0.647680 0.755627
vn 0.207391 -0.518476 0.829561
vn -0.147043 -0.661693 0.735215
vn 0.482516 -0.140733 0.864507
vn -0.482516 -0.140734 0.864507
vn 0.281888 -0.044419 0.958419
vn -0.332048 -0.007298 0.943234
vn 0.359533 -0.089883 0.928793
vn -0.313971 -0.145772 0.938175
vn -0.030222 0.066489 0.997329
vn 0.030222 0.066489 0.997329
vn 0.000000 -0.064382 0.997925
vn 0.000000 -0.064383 0.997925
vn 0.000001 0.000000 1.000000
vn -0.000001 0.000000 1.000000
vn 0.847337 -0.511933 -0.141223
vn -0.744073 -0.658218 0.114474
vn 0.944759 0.191904 -0.265713
vn -0.944759 0.191904 -0.265713
vn 0.098456 0.886108 -0.452900
vn -0.098456 0.886108 -0.452900
vn -0.854358 0.512615 -0.085436
vn 0.854358 0.512615 -0.085436
vn 0.398334 -0.876334 0.270866
vn -0.398334 -0.876334 0.270866
vn 0.287348 -0.574695 0.766261
vn -0.287348 -0.574695 0.766261
vn -0.781404 0.558146 0.279073
vn 0.520719 0.615395 0.591727
vn 0.089712 0.807410 0.583130
vn -0.127000 0.762001 0.635001
vn 0.745356 0.298142 0.596285
vn -0.745356 0.298142 0.596285
vn 0.604551 -0.654931 0.453413
vn 0.000000 -0.707107 0.707107
vn 0.048634 0.226961 0.972689
vn -0.048634 0.226961 0.972689
vn -0.056293 -0.262700 0.963234
vn -0.428571 -0.857143 0.285714
vn 0.006388 0.083044 0.996525
vn 0.781795 -0.366157 0.504703
vn -0.872872 -0.218218 0.436436
vn -0.581915 -0.363696 0.727393
vn 0.243483 -0.268670 0.931951
vn -0.243483 -0.268670 0.931951
vn 0.282005 0.033841 0.958816
vn -0.282005 0.033841 0.958816
vn 0.816497 0.408248 0.408248
vn -0.816497 0.408248 0.408248
vn 0.868220 0.325582 0.374420
vn -0.868220 0.325582 0.374420
vn 0.893156 0.430173 0.131239
vn -0.910178 -0.044591 0.411810
vn 0.357930 -0.835170 0.417585
vn -0.357931 -0.835170 0.417585
vn -0.135319 -0.202979 0.969788
vn 0.192450 -0.192450 0.962250
vn -0.356915 0.107075 0.927980
vn 0.188145 -0.282217 0.940720
vn -0.124035 0.000000 0.992278
vn 0.065512 0.393073 0.917171
vn -0.158235 0.949409 0.271263
vn 0.158235 0.949409 0.271263
vn -0.739600 0.647150 0.184902
vn 0.646159 0.758535 0.084282
vn -1.000000 0.000000 0.000000
vn 1.000000 0.000000 0.000000
vn 0.305141 -0.944954 0.118117
vn -0.305141 -0.944954 0.118117
vn 0.015963 -0.287311 0.957704
vn -0.052632 -0.315789 0.947368
vn 0.135293 -0.347895 0.927720
vn -0.135293 -0.347895 0.927720
vn -0.448143 -0.293016 0.844577
vn 0.598986 -0.245040 0.762346
vn -0.286864 -0.103271 0.952389
vn 0.521444 0.052144 0.851691
vn -0.270910 0.028025 0.962197
vn 0.270910 0.028025 0.962197
vn -0.577350 -0.577350 0.577350
vn 0.577350 -0.577350 0.577350
vn -0.265483 -0.829636 0.491144
vn 0.000000 -0.640185 0.768221
vn 0.418605 -0.581395 0.697674
vn -0.397220 -0.635553 0.662034
vn 0.591414 -0.511493 0.623382
vn -0.516784 -0.214514 0.828805
vn 0.544023 -0.077718 0.835464
vn -0.588226 -0.115717 0.800375
vn 0.573167 0.124602 0.809910
vn -0.573167 0.124602 0.809910
vn 0.434745 0.702281 0.563736
vn -0.434745 0.702281 0.563736
vn 0.406303 0.715093 0.568824
vn 0.061285 0.306426 0.949920
vn 0.152410 0.335302 0.929701
vn -0.177192 0.389823 0.903682
vn -0.021878 0.306290 0.951687
vn 0.012939 0.181147 0.983371
vn 0.280430 -0.218112 0.934765
vn -0.355265 -0.573890 0.737860
vn 0.266679 -0.304776 0.914327
vn -0.296334 -0.211667 0.931334
vn -0.276289 -0.303918 0.911755
vn 0.276289 -0.303918 0.911755
vn -0.116248 -0.929981 0.348743
vn 0.116248 -0.929981 0.348743
vn -0.381000 -0.254000 0.889001
vn 0.320713 -0.267261 0.908688
vn -0.439232 -0.038194 0.897561
vn 0.439232 -0.038194 0.897561
vn -0.221581 0.569780 0.791361
vn 0.053239 0.359362 0.931678
vn -0.082761 0.662085 0.744845
vn 0.082761 0.662085 0.744845
vn 0.366677 0.516064 0.774097
vn -0.366677 0.516064 0.774097
vn 0.498784 0.529958 0.685828
vn -0.498784 0.529958 0.685828
vn 0.601445 -0.240578 0.761831
vn -0.738200 -0.461375 0.492133
vn 0.829185 -0.082919 0.552790
vn -0.806064 -0.065357 0.588209
vn 0.779987 0.118180 0.614535
vn -0.790345 0.112906 0.602168
vn -0.694716 0.709497 -0.118250
vn 0.404310 0.855017 -0.324774
vn -0.855186 0.366509 -0.366508
vn 0.846508 0.372757 -0.380102
vn -0.267242 0.849692 -0.454539
vn 0.267242 0.849692 -0.454539
vn 0.596285 0.745356 -0.298142
vn -0.596285 0.745356 -0.298142
vn 0.383925 0.874593 -0.296122
vn -0.383925 0.874593 -0.296122
vn 0.278943 0.918076 -0.281652
vn -0.285868 0.911603 -0.295397
vn 0.793637 0.212658 -0.570015
vn -0.793636 0.212659 -0.570015
vn 0.452713 -0.728585 -0.514018
vn -0.595505 -0.712308 -0.371472
vn 0.440782 -0.819480 -0.366283
vn -0.249041 -0.774794 -0.581096
vn 0.043139 -0.413418 -0.909519
vn -0.043139 -0.413418 -0.909519
vn 0.318353 -0.094327 -0.943268
vn -0.318354 -0.094327 -0.943267
vn 0.309502 -0.535676 -0.785659
vn -0.309502 -0.535676 -0.785659
vn 0.058475 -0.977375 -0.203272
vn -0.177679 -0.981909 -0.065461
vn 0.101592 -0.965123 -0.241281
vn -0.134051 -0.968141 -0.211502
vn 0.608216 -0.331400 -0.721282
vn -0.980180 0.192192 0.048048
vn 0.920777 0.146009 -0.361734
vn -0.944069 0.184939 -0.273005
vn 0.087930 0.053124 -0.994709
vn -0.247475 -0.016921 -0.968747
vn -0.209311 -0.114950 -0.971069
vn 0.209311 -0.114950 -0.971069
vn 0.204117 0.123707 -0.971099
vn -0.204117 0.123707 -0.971099
vn 0.920408 0.139456 -0.365241
vn -0.918440 0.135786 -0.371525
vn 0.931845 0.289436 -0.218842
vn -0.931845 0.289437 -0.218842
vn 0.913248 0.296189 -0.279733
vn -0.913248 0.296189 -0.279733
vn 0.882456 0.455774 -0.116368
vn -0.882456 0.455774 -0.116368
vn 0.279448 -0.931493 -0.232874
vn -0.279448 -0.931493 -0.232874
vn 0.367655 -0.477093 -0.798255
vn -0.367655 -0.477093 -0.798255
vn 0.290628 -0.841642 -0.455164
vn -0.290628 -0.841642 -0.455164
vn 0.265974 -0.954013 -0.138263
vn -0.303090 -0.946422 -0.111459
vn 0.284208 -0.930136 -0.232534
vn -0.348743 -0.929981 -0.116248
vn 0.690268 -0.721850 0.049627
vn -0.690268 -0.721850 0.049627
vn 0.691648 -0.722163 0.010171
vn -0.861521 -0.337915 0.378940
vn 0.256742 -0.180715 -0.949434
vn -0.256742 -0.180715 -0.949434
vn 0.129094 0.960558 0.246297
vn -0.129094 0.960558 0.246297
vn 0.120926 0.976388 -0.179005
vn -0.137321 0.971291 -0.194258
vn 0.300033 0.640864 -0.706593
vn -0.387556 0.555474 -0.735696
vn 0.352190 0.932651 -0.078264
vn -0.565951 0.760496 -0.318347
vn -0.094386 0.670139 0.736210
vn -0.343166 0.696426 0.630260
vn 0.625482 0.766875 0.143789
vn -0.583767 0.791981 0.178834
vn 0.690127 0.696659 -0.195935
vn -0.715915 0.664471 -0.214346
vn 0.716578 0.217341 -0.662782
vn -0.716578 0.217341 -0.662781
vn 0.714499 0.426453 -0.554644
vn -0.058017 0.367429 -0.928240
vn 0.675140 0.723364 -0.144673
vn -0.595903 0.773063 -0.217424
vn 0.738071 0.653580 0.167585
vn -0.690541 0.710905 0.133295
vn 0.776627 0.335766 0.533022
vn -0.677195 0.482375 0.555627
vn 0.434689 0.895385 -0.096598
vn -0.434689 0.895385 -0.096598
vn 0.299340 0.493283 0.816742
vn -0.299340 0.493283 0.816742
vn -0.181856 0.114502 -0.976636
vn 0.181856 0.114502 -0.976636
vn 0.041931 0.372966 0.926897
vn -0.023299 0.968843 -0.246579
vn -0.161572 0.184654 0.969432
vn 0.161572 0.184654 0.969432
vn 0.966016 -0.164293 0.199549
vn -0.966016 -0.164293 0.199549
vn 0.933361 0.235392 0.270976
vn -0.945595 0.013329 0.325072
vn 0.901927 0.379315 -0.206516
vn -0.996980 0.075751 0.017105
vn 0.995115 -0.093955 0.030308
vn -0.995115 -0.093955 0.030308
vn 0.662473 -0.749076 -0.003701
vn -0.662474 -0.749076 -0.003701
vn 0.372238 -0.924278 0.084555
vn -0.372238 -0.924278 0.084555
vn 0.548020 -0.773958 0.317275
vn -0.387671 -0.903540 0.182554
vn 0.499284 -0.851720 0.159026
vn -0.848945 -0.221464 0.479839
vn 0.732489 -0.636817 0.240675
vn -0.732489 -0.636817 0.240675
vn 0.263733 -0.449896 0.853252
vn -0.263732 -0.449896 0.853252
vn 0.538262 -0.284111 -0.793445
vn -0.538262 -0.284111 -0.793445
vn 0.431030 -0.297118 -0.852017
vn -0.431030 -0.297118 -0.852018
vn 0.456720 -0.777659 -0.432033
vn -0.456720 -0.777659 -0.432033
vn 0.744954 -0.620629 -0.244671
vn -0.744954 -0.620629 -0.244671
vn 0.497204 -0.440774 -0.747333
vn -0.497204 -0.440774 -0.747333
vn 0.259061 0.456443 0.851203
vn -0.259061 0.456443 0.851204
vn 0.410191 0.274828 0.869605
vn -0.503293 0.047933 0.862786
vn 0.415278 0.123700 0.901245
vn -0.415278 0.123700 0.901245
vn 0.196561 -0.050960 0.979166
vn -0.196560 -0.050960 0.979167
vn 0.372048 0.212595 0.903539
vn -0.372047 0.212597 0.903539
vn 0.613244 -0.208998 0.761743
vn -0.624651 -0.412140 0.663288
vn 0.407490 0.750641 0.520087
vn -0.407490 0.750641 0.520087
vn -0.264198 0.830336 0.490653
vn 0.269338 0.831434 0.485979
vn -0.863867 0.259161 0.431936
vn 0.863867 0.259161 0.431936
vn -0.528031 -0.356779 0.770644
vn 0.528031 -0.356779 0.770644
vn 0.415649 -0.619625 0.665808
vn -0.415649 -0.619625 0.665808
vn 0.688357 -0.473246 0.549730
vn -0.714339 -0.416698 0.562212
vn 0.622061 -0.774465 -0.115081
vn -0.622061 -0.774465 -0.115081
vn -0.184950 0.249468 0.950557
vn 0.184951 0.249467 0.950557
vn 0.887036 -0.383851 -0.256564
vn -0.914238 -0.366420 -0.172931
vn 0.371135 0.037113 0.927837
vn 0.120386 0.240772 0.963087
vn 0.137793 0.803793 0.578731
vn -0.023355 0.994904 0.098089
vn 0.580247 0.197530 0.790124
vn -0.580247 0.197532 0.790123
vn 0.102193 0.817553 0.566713
vn -0.580198 0.193400 0.791180
vn 0.749676 -0.270715 0.603904
vn -0.749675 -0.270716 0.603904
vn 0.689502 -0.376092 0.618985
vn -0.689502 -0.376092 0.618985
vn 0.466760 -0.432937 0.771169
vn -0.466760 -0.432937 0.771168
vn 0.877870 -0.478838 0.007601
vn -0.877870 -0.478838 0.007601
vn 0.912871 -0.365148 -0.182574
vn -0.912871 -0.365149 -0.182574
vn 0.997202 -0.018132 -0.072524
vn -0.997202 -0.018130 -0.072524
vn 0.772348 -0.573036 0.274058
vn -0.676752 -0.728812 0.104116
vn 0.775714 -0.617700 0.129286
vn -0.775715 -0.617698 0.129286
vn 0.702247 -0.702247 0.117041
vn -0.702247 -0.702247 0.117041
vn 0.122756 0.982049 -0.143216
vn -0.122756 0.982049 -0.143215
vn 0.937043 0.312347 0.156173
vn -0.937043 0.312346 0.156173
vn -0.624695 -0.780869 -0.000000
vn 0.110431 0.993884 0.000000
vn 0.109335 0.984015 0.140574
vn 0.661828 -0.649341 0.374620
vn -0.586648 -0.752681 0.298858
vn 0.296806 -0.871867 0.389557
vn -0.252880 -0.908786 0.331904
vn -0.827110 -0.448433 -0.338816
vn 0.822210 -0.562565 -0.086548
vn -0.847429 0.254227 -0.466082
vn 0.847429 0.254227 -0.466083
vn -0.635054 0.589690 -0.498971
vn 0.635052 0.589693 -0.498969
vn -0.172328 0.984732 -0.024618
vn 0.172328 0.984732 -0.024618
vn 0.149019 0.055882 0.987254
vn -0.149019 0.055882 0.987254
vn 0.312348 0.156174 0.937043
vn -0.312348 0.156174 0.937043
vn 0.382991 0.011264 0.923684
vn -0.236807 0.035521 0.970907
vn 0.155869 -0.034638 0.987170
vn -0.155869 -0.034638 0.987170
vn 0.328721 0.595807 0.732773
vn -0.308265 -0.181332 0.933858
vn 0.400809 -0.007158 0.916134
vn -0.400809 -0.007157 0.916134
vn 0.082885 -0.062164 0.994618
vn -0.082885 -0.062164 0.994618
vn 0.041065 0.164260 0.985562
vn -0.071068 -0.071067 0.994937
vn -0.487049 0.608811 0.626205
vn 0.298144 0.745356 0.596284
vn 0.557087 -0.148556 0.817059
vn -0.557086 -0.148556 0.817060
vn 0.452596 -0.177558 0.873859
vn -0.452595 -0.177558 0.873860
vn 0.411054 -0.845597 0.340588
vn -0.411053 -0.845598 0.340587
vn 0.525068 0.302312 0.795557
vn -0.525058 0.196897 0.827977
vn 0.297963 0.580248 0.757978
vn -0.297963 0.580246 0.757979
vn 0.073695 -0.992789 -0.094551
vn -0.110453 -0.991568 -0.067778
vn 0.585489 -0.790410 0.180150
vn -0.446086 -0.890959 -0.084853
vn 0.924652 -0.253129 0.284508
vn -0.924652 -0.253128 0.284508
vn 0.847951 0.529969 0.010599
vn -0.847951 0.529969 0.010599
vn -0.298426 0.899733 -0.318470
vn 0.298426 0.899733 -0.318470
vn -0.542987 0.818859 -0.186104
vn 0.542987 0.818859 -0.186104
vn -0.548228 -0.003883 -0.836320
vn 0.548228 -0.003883 -0.836320
vn -0.266747 0.006422 -0.963745
vn 0.113643 -0.054589 -0.992021
vn 0.404623 0.026581 -0.914097
vn -0.404623 0.026581 -0.914097
vn -0.748379 0.662720 -0.027050
vn 0.748378 0.662720 -0.027050
vn 0.684353 -0.171088 -0.708794
vn -0.684354 -0.171088 -0.708794
vn 0.007892 -0.915403 -0.402462
vn 0.570200 -0.814571 -0.106521
vn 0.666010 -0.204926 0.717242
vn -0.663036 -0.192883 0.723312
vn 0.830102 -0.307089 0.465433
vn -0.828520 -0.299015 0.473440
vn 0.408092 -0.803818 0.432825
vn -0.425062 -0.779280 0.460484
vn 0.371366 -0.486617 0.790753
vn -0.338488 -0.548583 0.764515
vn -0.099184 -0.547220 0.831091
vn 0.039277 -0.523693 0.851001
vn -0.258889 -0.838801 0.478945
vn 0.283710 -0.844293 0.454619
vn -0.774251 -0.344719 0.530758
vn 0.774251 -0.344719 0.530758
vn -0.470597 -0.198146 0.859812
vn 0.470597 -0.198146 0.859812
vn -0.482283 0.203067 0.852154
vn 0.467208 0.169894 0.867671
vn -0.764039 0.327842 0.555665
vn 0.764039 0.327842 0.555665
vn -0.241292 0.814358 0.527825
vn 0.241292 0.814358 0.527825
vn -0.115470 0.577351 0.808290
vn 0.115470 0.577351 0.808290
vn 0.378344 0.513467 0.770200
vn -0.378344 0.513467 0.770200
vn 0.406930 0.777955 0.478742
vn -0.406930 0.777955 0.478742
vn 0.827165 0.292478 0.479847
vn -0.827165 0.292478 0.479847
vn 0.674819 0.209652 0.707577
vn -0.674819 0.209652 0.707577
vn 0.847998 0.317999 -0.423999
vn -0.847998 0.317999 -0.423999
vn 0.214297 0.826574 -0.520434
vn -0.214297 0.826574 -0.520434
vn -0.432041 0.750388 -0.500258
vn 0.432041 0.750388 -0.500258
vn -0.846181 0.352575 -0.399586
vn 0.846181 0.352575 -0.399586
vn -0.832845 -0.378566 -0.403803
vn 0.789474 -0.315789 -0.526316
vn -0.432041 -0.750388 -0.500258
vn 0.408248 -0.816496 -0.408249
vn 0.214297 -0.826573 -0.520435
vn -0.197726 -0.815623 -0.543749
vn 0.839964 -0.343622 -0.419982
vn -0.752217 -0.356313 -0.554265
vn 0.141433 -0.839474 0.524671
vn -0.141433 -0.839474 0.524671
vn 0.233571 -0.850198 0.471813
vn -0.233571 -0.850198 0.471813
vn 0.623035 -0.426286 0.655826
vn -0.548630 -0.488780 0.678306
vn 0.789793 -0.017320 0.613129
vn -0.756147 -0.069645 0.650685
vn 0.752771 0.054417 0.656029
vn -0.801466 0.121434 0.585582
vn 0.435894 -0.688253 0.579917
vn -0.229854 -0.896039 0.379843
vn 0.442082 -0.684793 0.579329
vn -0.442082 -0.684793 0.579329
vn 0.689836 -0.414589 0.593500
vn -0.689086 -0.423923 0.587750
vn 0.766752 -0.256891 0.588301
vn -0.766752 -0.256891 0.588301
vn 0.573765 -0.440072 0.690746
vn -0.573765 -0.440072 0.690746
vn 0.505129 0.650645 0.567015
vn -0.505128 0.650646 0.567015
vn 0.581007 0.510582 0.633826
vn -0.630433 0.520792 0.575613
vn -0.032791 0.655826 0.754200
vn 0.032791 0.655826 0.754200
vn -0.655169 0.326496 0.681289
vn 0.655169 0.326496 0.681289
vn -0.567735 0.555907 0.607161
vn 0.567735 0.555907 0.607161
vn 0.648351 -0.378710 0.660469
vn -0.648351 -0.378710 0.660469
vn 0.222422 -0.467656 0.855468
vn -0.218052 -0.470992 0.854763
vn 0.009908 -0.495403 0.868607
vn -0.009908 -0.495403 0.868607
vn 0.046213 -0.582801 0.811300
vn -0.046213 -0.582801 0.811300
vn -0.426251 -0.377537 0.822056
vn 0.426251 -0.377537 0.822056
vn -0.086092 0.012299 0.996211
vn 0.086092 0.012299 0.996211
vn 0.437362 -0.306154 0.845567
vn -0.437362 -0.306154 0.845567
vn 0.322277 -0.276237 0.905445
vn -0.357888 -0.306761 0.881938
vn 0.481543 -0.240772 0.842701
vn -0.306946 0.211293 0.927976
vn -0.292159 0.282884 0.913575
vn -0.386906 0.171414 0.906047
vn 0.334643 -0.185509 0.923905
vn -0.334643 -0.185509 0.923905
vn 0.054742 -0.361903 0.930607
vn -0.386342 -0.044578 0.921278
vn 0.057130 -0.231242 0.971217
vn -0.057130 -0.231242 0.971217
vn 0.097666 -0.647680 0.755627
vn -0.020356 -0.783677 0.620835
vn 0.147043 -0.661693 0.735215
vn -0.207391 -0.518476 0.829561
vn 0.175467 -0.363467 0.914934
vn -0.175467 -0.363467 0.914934
vn 0.332048 -0.007298 0.943234
vn -0.281888 -0.044419 0.958419
vn 0.313971 -0.145772 0.938175
vn -0.359533 -0.089883 0.928793
vn 0.000000 0.049938 0.998752
vn -0.004434 -0.066518 0.997775
vn 0.004434 -0.066518 0.997775
vn 0.000000 -0.000001 1.000000
vn 0.744073 -0.658218 0.114473
vn -0.847337 -0.511933 -0.141223
vn 0.949990 0.269164 -0.158332
vn -0.949990 0.269164 -0.158332
vn 0.070860 0.921175 -0.382642
vn -0.070860 0.921175 -0.382642
vn -0.722993 0.097702 0.683912
vn 0.722993 0.097702 0.683912
vn 0.440225 -0.880451 0.176090
vn -0.440225 -0.880451 0.176090
vn 0.287348 -0.574696 0.766261
vn -0.287348 -0.574696 0.766261
vn -0.520719 0.615395 0.591727
vn 0.781404 0.558146 0.279073
vn 0.127000 0.762001 0.635001
vn -0.089712 0.807410 0.583130
vn 0.766261 0.287348 0.574696
vn -0.766261 0.287348 0.574696
vn -0.604551 -0.654931 0.453413
vn 0.040390 0.242338 0.969351
vn -0.040390 0.242338 0.969351
vn 0.428572 -0.857143 0.285713
vn 0.056293 -0.262700 0.963234
vn -0.781795 -0.366157 0.504703
vn -0.006388 0.083044 0.996525
vn 0.581915 -0.363696 0.727393
vn 0.872872 -0.218218 0.436436
vn 0.729421 0.162094 0.664583
vn -0.729421 0.162094 0.664583
vn 0.332822 0.078311 0.939732
vn -0.332822 0.078311 0.939732
vn 0.791554 0.186248 0.582025
vn -0.791554 0.186248 0.582025
vn 0.877266 0.194948 0.438633
vn -0.877266 0.194948 0.438633
vn 0.910178 -0.044591 0.411810
vn -0.893156 0.430173 0.131239
vn 0.033615 -0.336146 0.941210
vn -0.033615 -0.336146 0.941210
vn -0.192450 -0.192450 0.962250
vn 0.135319 -0.202979 0.969788
vn -0.188145 -0.282217 0.940720
vn 0.356915 0.107074 0.927980
vn -0.065512 0.393073 0.917171
vn 0.124035 0.000000 0.992278
vn -0.158235 0.949410 0.271260
vn 0.158235 0.949410 0.271260
vn -0.646159 0.758535 0.084282
vn 0.739600 0.647150 0.184902
vn 0.305141 -0.944953 0.118119
vn -0.305141 -0.944953 0.118119
vn 0.052632 -0.315789 0.947368
vn -0.015962 -0.287311 0.957704
vn -0.598986 -0.245040 0.762346
vn 0.448143 -0.293016 0.844577
vn -0.521444 0.052144 0.851691
vn 0.286864 -0.103271 0.952389
vn -0.123882 0.049553 0.991059
vn 0.123882 0.049553 0.991059
vn -0.548821 -0.329293 0.768350
vn 0.548821 -0.329293 0.768350
vn 0.265484 -0.829636 0.491145
vn 0.397220 -0.635553 0.662034
vn -0.418605 -0.581395 0.697674
vn 0.516784 -0.214515 0.828805
vn -0.591414 -0.511493 0.623382
vn 0.588226 -0.115716 0.800374
vn -0.544023 -0.077718 0.835463
vn 0.567151 0.110662 0.816145
vn -0.567151 0.110664 0.816145
vn 0.528094 0.215149 0.821479
vn -0.528094 0.215149 0.821479
vn -0.061285 0.306426 0.949920
vn -0.406303 0.715093 0.568824
vn 0.177193 0.389824 0.903681
vn -0.152410 0.335302 0.929701
vn -0.012939 0.181147 0.983371
vn 0.021878 0.306290 0.951687
vn 0.355265 -0.573890 0.737860
vn -0.280430 -0.218112 0.934765
vn 0.296334 -0.211667 0.931334
vn -0.266679 -0.304776 0.914327
vn -0.182574 -0.912871 0.365148
vn 0.182574 -0.912871 0.365148
vn 0.045478 -0.750388 0.659431
vn -0.045478 -0.750388 0.659432
vn -0.320713 -0.267261 0.908688
vn 0.381000 -0.254000 0.889001
vn -0.230391 0.025599 0.972761
vn 0.230391 0.025599 0.972761
vn -0.053239 0.359362 0.931678
vn 0.221581 0.569780 0.791361
vn 0.025206 0.554524 0.831786
vn -0.025206 0.554524 0.831786
vn 0.350177 0.654679 0.669904
vn -0.350177 0.654679 0.669904
vn 0.738200 -0.461375 0.492132
vn -0.601445 -0.240578 0.761831
vn 0.806064 -0.065357 0.588209
vn -0.829185 -0.082918 0.552790
vn 0.790345 0.112906 0.602168
vn -0.779987 0.118180 0.614535
vn -0.404311 0.855017 -0.324774
vn 0.694716 0.709497 -0.118250
vn -0.846508 0.372757 -0.380102
vn 0.855186 0.366509 -0.366508
vn -0.215621 0.888360 -0.405368
vn 0.215621 0.888360 -0.405368
vn 0.587870 0.747790 -0.308576
vn -0.587871 0.747790 -0.308576
vn 0.350238 0.876606 -0.329992
vn -0.350238 0.876606 -0.329992
vn 0.285868 0.911603 -0.295397
vn -0.278943 0.918076 -0.281651
vn 0.898143 0.067270 -0.434527
vn -0.898143 0.067270 -0.434527
vn 0.595504 -0.712308 -0.371472
vn -0.452713 -0.728585 -0.514018
vn 0.249041 -0.774794 -0.581096
vn -0.440782 -0.819480 -0.366283
vn 0.368294 -0.677996 -0.636145
vn -0.368294 -0.677996 -0.636145
vn 0.171779 -0.022904 -0.984869
vn -0.171779 -0.022904 -0.984869
vn -0.064999 -0.357494 -0.931651
vn 0.064999 -0.357494 -0.931651
vn 0.177679 -0.981909 -0.065461
vn -0.058475 -0.977375 -0.203272
vn 0.134050 -0.968141 -0.211502
vn -0.101592 -0.965123 -0.241281
vn 0.980180 0.192192 0.048048
vn -0.608216 -0.331400 -0.721282
vn 0.944069 0.184939 -0.273005
vn -0.920777 0.146009 -0.361734
vn 0.247475 -0.016921 -0.968747
vn -0.087930 0.053124 -0.994709
vn 0.199158 -0.322167 -0.925497
vn -0.199158 -0.322167 -0.925497
vn 0.870302 -0.477813 -0.119453
vn -0.870302 -0.477813 -0.119453
vn 0.918440 0.135786 -0.371525
vn -0.920408 0.139456 -0.365241
vn 0.924627 0.346735 -0.157607
vn -0.924627 0.346735 -0.157607
vn 0.907920 0.373419 -0.190370
vn -0.907920 0.373419 -0.190370
vn 0.991801 0.123975 0.030994
vn -0.991801 0.123975 0.030994
vn 0.079745 -0.797452 -0.598089
vn -0.079745 -0.797452 -0.598089
vn 0.373117 -0.470405 -0.799689
vn -0.373117 -0.470405 -0.799689
vn 0.330884 -0.814402 -0.476723
vn -0.330884 -0.814402 -0.476723
vn 0.303090 -0.946421 -0.111459
vn -0.265974 -0.954013 -0.138263
vn 0.348743 -0.929981 -0.116248
vn -0.284208 -0.930136 -0.232534
vn 0.956961 0.257365 -0.134119
vn -0.956962 0.257365 -0.134120
vn 0.861521 -0.337915 0.378940
vn -0.691648 -0.722163 0.010171
vn 0.436827 -0.042787 -0.898527
vn -0.436827 -0.042787 -0.898527
vn 0.112859 0.967467 0.226428
vn -0.112859 0.967467 0.226428
vn 0.137321 0.971291 -0.194258
vn -0.120926 0.976388 -0.179005
vn 0.387556 0.555474 -0.735696
vn -0.300033 0.640864 -0.706593
vn 0.565951 0.760496 -0.318347
vn -0.352190 0.932651 -0.078264
vn 0.343166 0.696426 0.630260
vn 0.094386 0.670139 0.736210
vn 0.583768 0.791981 0.178835
vn -0.625482 0.766875 0.143789
vn 0.715915 0.664471 -0.214346
vn -0.690127 0.696659 -0.195935
vn 0.590457 0.174524 -0.787973
vn -0.590457 0.174525 -0.787973
vn 0.058017 0.367429 -0.928240
vn -0.714499 0.426453 -0.554644
vn 0.595903 0.773063 -0.217424
vn -0.675140 0.723364 -0.144673
vn 0.690541 0.710905 0.133295
vn -0.738071 0.653580 0.167585
vn 0.677195 0.482375 0.555627
vn -0.776627 0.335766 0.533022
vn 0.158041 0.950572 -0.267276
vn -0.158041 0.950572 -0.267276
vn 0.156987 0.642722 0.749842
vn -0.156987 0.642722 0.749842
vn -0.168134 0.100505 -0.980627
vn 0.168134 0.100505 -0.980627
vn 0.023299 0.968843 -0.246579
vn -0.041931 0.372966 0.926897
vn 0.498049 0.820648 -0.280152
vn -0.498049 0.820648 -0.280152
vn 0.945595 0.013329 0.325072
vn -0.933361 0.235393 0.270976
vn 0.996980 0.075752 0.017105
vn -0.901927 0.379314 -0.206516
vn 0.961699 0.146796 -0.231485
vn -0.961699 0.146796 -0.231485
vn 0.746041 -0.659560 0.091670
vn -0.746041 -0.659560 0.091670
vn 0.371877 -0.924382 0.085001
vn -0.371877 -0.924382 0.085001
vn 0.387671 -0.903540 0.182554
vn -0.548020 -0.773958 0.317275
vn 0.848945 -0.221464 0.479839
vn -0.499284 -0.851720 0.159026
vn 0.570582 -0.344302 -0.745582
vn -0.570582 -0.344302 -0.745582
vn 0.562893 -0.263732 -0.783324
vn -0.562893 -0.263732 -0.783324
vn 0.105937 -0.916539 -0.385661
vn -0.105937 -0.916539 -0.385660
vn 0.697614 -0.647014 -0.307746
vn -0.697614 -0.647014 -0.307746
vn 0.480815 0.254547 0.839061
vn -0.480815 0.254547 0.839061
vn 0.503292 0.047934 0.862786
vn -0.410191 0.274829 0.869605
vn 0.145938 0.091211 0.985080
vn -0.145938 0.091211 0.985080
vn 0.283452 -0.103073 0.953431
vn -0.283452 -0.103074 0.953431
vn 0.505825 -0.246745 0.826594
vn -0.505825 -0.246745 0.826594
vn 0.624651 -0.412141 0.663288
vn -0.613244 -0.208998 0.761743
vn 0.484318 0.558019 0.673833
vn -0.484318 0.558017 0.673834
vn -0.269338 0.831434 0.485979
vn 0.264198 0.830336 0.490653
vn -0.800022 0.207413 0.562978
vn 0.800022 0.207413 0.562978
vn -0.522496 -0.356527 0.774523
vn 0.522496 -0.356527 0.774523
vn 0.486190 -0.519042 0.703004
vn -0.486190 -0.519041 0.703004
vn 0.714339 -0.416698 0.562212
vn -0.688357 -0.473246 0.549730
vn 0.996972 -0.037760 -0.067975
vn -0.996972 -0.037766 -0.067975
vn -0.197103 0.314030 0.928728
vn 0.197103 0.314030 0.928728
vn 0.914238 -0.366421 -0.172931
vn -0.887036 -0.383852 -0.256564
vn -0.120385 0.240772 0.963087
vn -0.371135 0.037113 0.927837
vn 0.023355 0.994904 0.098089
vn -0.137793 0.803793 0.578731
vn 0.606788 -0.606788 0.513436
vn -0.606788 -0.606788 0.513436
vn 0.580198 0.193400 0.791181
vn -0.102194 0.817553 0.566713
vn 0.701334 -0.701334 -0.127515
vn -0.701334 -0.701334 -0.127515
vn 0.457983 -0.441913 0.771339
vn -0.457983 -0.441913 0.771339
vn 0.715512 -0.415458 0.561638
vn -0.715511 -0.415459 0.561638
vn 0.827145 0.532325 -0.180170
vn -0.827147 0.532322 -0.180171
vn 0.900500 -0.433576 -0.033352
vn -0.900500 -0.433575 -0.033352
vn 0.676754 -0.728810 0.104116
vn -0.772350 -0.573033 0.274059
vn 0.797077 -0.597808 0.085401
vn -0.797077 -0.597808 0.085401
vn 0.242338 0.969351 0.040390
vn -0.242338 0.969351 0.040390
vn 0.931907 0.349465 0.097074
vn -0.931907 0.349465 0.097074
vn 0.624695 -0.780869 -0.000000
vn -0.702246 -0.702247 0.117041
vn -0.109335 0.984015 0.140574
vn -0.110431 0.993884 0.000000
vn 0.586648 -0.752681 0.298858
vn -0.661828 -0.649341 0.374620
vn 0.252880 -0.908786 0.331904
vn -0.296805 -0.871867 0.389557
vn -0.822211 -0.562565 -0.086548
vn 0.827110 -0.448434 -0.338816
vn -0.816909 0.218385 -0.533824
vn 0.816909 0.218382 -0.533824
vn -0.483417 0.872662 -0.069060
vn 0.483417 0.872662 -0.069060
vn 0.040373 0.989142 0.141306
vn -0.040373 0.989142 0.141306
vn 0.137516 -0.027503 0.990118
vn -0.137516 -0.027503 0.990118
vn 0.339984 -0.029998 0.939953
vn -0.339984 -0.029998 0.939953
vn 0.236807 0.035521 0.970907
vn -0.382991 0.011264 0.923684
vn 0.180460 0.067672 0.981252
vn -0.180460 0.067672 0.981252
vn 0.308265 -0.181332 0.933858
vn -0.328722 0.595806 0.732773
vn 0.399963 -0.065300 0.914202
vn -0.399963 -0.065300 0.914202
vn 0.361833 -0.058152 0.930428
vn -0.361833 -0.058152 0.930428
vn 0.071067 -0.071067 0.994937
vn -0.041065 0.164260 0.985562
vn -0.298145 0.745355 0.596285
vn 0.487049 0.608811 0.626205
vn 0.669313 0.180198 0.720797
vn -0.669313 0.180199 0.720797
vn 0.443738 -0.214293 0.870158
vn -0.443738 -0.214293 0.870158
vn 0.493213 -0.104785 0.863574
vn -0.493213 -0.104785 0.863574
vn 0.525058 0.196897 0.827977
vn -0.525068 0.302312 0.795557
vn 0.110453 -0.991568 -0.067778
vn -0.073695 -0.992789 -0.094551
vn 0.446086 -0.890959 -0.084853
vn -0.585489 -0.790410 0.180151
vn 0.934096 -0.244495 0.260168
vn -0.934096 -0.244496 0.260168
vn 0.832821 0.549401 -0.067585
vn -0.832821 0.549401 -0.067585
vn -0.191998 0.956991 -0.217498
vn 0.191998 0.956991 -0.217498
vn -0.355407 0.931910 -0.072321
vn 0.355407 0.931910 -0.072321
vn -0.521508 -0.019655 -0.853020
vn 0.521508 -0.019655 -0.853020
vn -0.113643 -0.054588 -0.992021
vn 0.266747 0.006422 -0.963745
vn -0.821851 0.563467 0.084053
vn 0.821852 0.563467 0.084053
vn 0.419982 -0.229081 -0.878144
vn -0.419982 -0.229081 -0.878144
vn -0.570200 -0.814571 -0.106521
vn -0.007892 -0.915403 -0.402462
s off
f 47//1 1//1 45//1
f 4//2 2//2 46//2
f 45//3 3//3 43//3
f 6//4 4//4 44//4
f 3//5 9//5 5//5
f 8//6 10//6 6//6
f 1//7 11//7 3//7
f 10//8 12//8 4//8
f 11//9 13//9 9//9
f 16//10 14//10 10//10
f 9//11 15//11 7//11
f 18//12 16//12 8//12
f 15//13 21//13 19//13
f 20//14 22//14 16//14
f 13//15 23//15 21//15
f 22//16 24//16 14//16
f 23//17 25//17 21//17
f 28//18 26//18 22//18
f 21//19 27//19 29//19
f 30//20 28//20 22//20
f 27//21 33//21 31//21
f 32//22 34//22 28//22
f 25//23 35//23 33//23
f 34//24 36//24 26//24
f 35//25 37//25 39//25
f 40//26 38//26 36//26
f 33//27 39//27 41//27
f 42//28 40//28 34//28
f 39//29 45//29 43//29
f 44//30 46//30 40//30
f 37//31 47//31 45//31
f 46//32 48//32 38//32
f 47//33 37//33 51//33
f 52//34 38//34 48//34
f 37//35 35//35 53//35
f 54//36 36//36 38//36
f 35//37 25//37 55//37
f 56//38 26//38 36//38
f 25//39 23//39 57//39
f 58//40 24//40 26//40
f 23//41 13//41 57//41
f 60//42 14//42 58//42
f 13//43 11//43 59//43
f 64//44 12//44 60//44
f 11//45 1//45 63//45
f 66//46 2//46 64//46
f 1//47 47//47 65//47
f 50//48 48//48 66//48
f 61//49 65//49 49//49
f 50//50 66//50 62//50
f 63//51 65//51 61//51
f 62//52 66//52 64//52
f 61//53 59//53 63//53
f 64//54 60//54 62//54
f 61//55 57//55 59//55
f 60//56 58//56 62//56
f 61//57 55//57 57//57
f 58//58 56//58 62//58
f 61//59 53//59 55//59
f 56//60 54//60 62//60
f 61//61 51//61 53//61
f 54//62 52//62 62//62
f 61//63 49//63 51//63
f 52//64 50//64 62//64
f 89//65 174//65 176//65
f 176//66 175//66 90//66
f 87//67 172//67 174//67
f 175//68 173//68 88//68
f 85//69 170//69 87//69
f 173//70 171//70 88//70
f 83//71 168//71 85//71
f 171//72 169//72 86//72
f 81//73 166//73 83//73
f 169//74 167//74 84//74
f 79//75 92//75 164//75
f 147//76 93//76 165//76
f 92//77 94//77 148//77
f 149//78 95//78 93//78
f 94//79 96//79 148//79
f 151//80 97//80 149//80
f 96//81 98//81 152//81
f 153//82 99//82 97//82
f 98//83 100//83 154//83
f 155//84 101//84 99//84
f 100//85 102//85 156//85
f 157//86 103//86 101//86
f 102//87 104//87 156//87
f 159//88 105//88 157//88
f 104//89 106//89 160//89
f 161//90 107//90 105//90
f 106//91 108//91 162//91
f 163//92 109//92 107//92
f 108//93 67//93 68//93
f 68//94 67//94 109//94
f 110//95 128//95 160//95
f 161//96 129//96 111//96
f 128//97 179//97 160//97
f 159//98 180//98 161//98
f 126//99 156//99 158//99
f 159//100 157//100 127//100
f 124//101 154//101 156//101
f 157//102 155//102 125//102
f 122//103 152//103 154//103
f 155//104 153//104 123//104
f 120//105 150//105 152//105
f 153//106 151//106 121//106
f 118//107 148//107 150//107
f 151//108 149//108 119//108
f 116//109 146//109 118//109
f 149//110 147//110 119//110
f 114//111 164//111 116//111
f 147//112 165//112 117//112
f 114//113 181//113 164//113
f 177//114 182//114 165//114
f 110//115 162//115 68//115
f 68//116 163//116 111//116
f 112//117 68//117 183//117
f 178//118 68//118 184//118
f 177//119 181//119 183//119
f 184//120 182//120 177//120
f 135//121 137//121 174//121
f 176//122 137//122 175//122
f 133//123 135//123 172//123
f 175//124 136//124 173//124
f 131//125 133//125 172//125
f 173//126 134//126 132//126
f 166//127 187//127 168//127
f 186//128 188//128 169//128
f 131//129 170//129 185//129
f 169//130 171//130 186//130
f 144//131 190//131 189//131
f 189//132 190//132 145//132
f 185//133 187//133 189//133
f 189//134 188//134 186//134
f 130//135 131//135 185//135
f 186//136 132//136 130//136
f 142//137 193//137 144//137
f 192//138 194//138 145//138
f 140//139 195//139 193//139
f 194//140 196//140 141//140
f 139//141 197//141 195//141
f 196//142 198//142 139//142
f 138//143 71//143 197//143
f 198//144 71//144 138//144
f 190//145 144//145 191//145
f 192//146 145//146 190//146
f 70//147 191//147 206//147
f 207//148 192//148 70//148
f 71//149 199//149 197//149
f 201//150 199//150 198//150
f 197//151 200//151 195//151
f 203//152 201//152 196//152
f 195//153 202//153 204//153
f 205//154 203//154 196//154
f 193//155 204//155 191//155
f 207//156 205//156 192//156
f 199//157 204//157 202//157
f 203//158 205//158 199//158
f 199//159 208//159 204//159
f 207//160 208//160 205//160
f 139//161 140//161 177//161
f 165//162 141//162 177//162
f 140//163 142//163 164//163
f 212//164 143//164 165//164
f 142//165 144//165 213//165
f 214//166 145//166 143//166
f 144//167 187//167 166//167
f 167//168 188//168 145//168
f 81//169 209//169 213//169
f 214//170 210//170 82//170
f 209//171 215//171 211//171
f 212//172 216//172 210//172
f 79//173 164//173 215//173
f 212//174 165//174 216//174
f 131//175 130//175 72//175
f 72//176 130//176 132//176
f 133//177 131//177 220//177
f 223//178 132//178 221//178
f 135//179 133//179 218//179
f 221//180 134//180 219//180
f 137//181 135//181 217//181
f 219//182 136//182 217//182
f 217//183 218//183 229//183
f 230//184 219//184 217//184
f 218//185 220//185 229//185
f 228//186 221//186 230//186
f 220//187 222//187 227//187
f 226//188 223//188 228//188
f 222//189 72//189 224//189
f 224//190 72//190 223//190
f 224//191 231//191 225//191
f 230//192 231//192 226//192
f 225//193 229//193 227//193
f 228//194 230//194 226//194
f 183//195 181//195 232//195
f 235//196 182//196 233//196
f 112//197 183//197 254//197
f 233//198 184//198 255//198
f 110//199 112//199 254//199
f 255//200 113//200 111//200
f 181//201 114//201 252//201
f 253//202 115//202 182//202
f 114//203 116//203 252//203
f 251//204 117//204 253//204
f 116//205 118//205 250//205
f 249//206 119//206 251//206
f 118//207 120//207 248//207
f 247//208 121//208 249//208
f 120//209 122//209 246//209
f 245//210 123//210 247//210
f 122//211 124//211 242//211
f 243//212 125//212 123//212
f 124//213 126//213 240//213
f 241//214 127//214 125//214
f 126//215 179//215 240//215
f 237//216 180//216 241//216
f 179//217 128//217 236//217
f 239//218 129//218 237//218
f 128//219 110//219 238//219
f 257//220 111//220 239//220
f 238//221 256//221 276//221
f 259//222 257//222 277//222
f 236//223 238//223 278//223
f 277//224 239//224 279//224
f 240//225 236//225 278//225
f 279//226 237//226 241//226
f 242//227 240//227 274//227
f 275//228 241//228 243//228
f 244//229 242//229 270//229
f 273//230 243//230 271//230
f 246//231 244//231 270//231
f 271//232 245//232 247//232
f 248//233 246//233 266//233
f 269//234 247//234 267//234
f 250//235 248//235 266//235
f 267//236 249//236 251//236
f 252//237 250//237 264//237
f 265//238 251//238 253//238
f 234//239 252//239 280//239
f 263//240 253//240 281//240
f 256//241 254//241 258//241
f 261//242 255//242 259//242
f 254//243 232//243 260//243
f 283//244 233//244 261//244
f 232//245 234//245 282//245
f 281//246 235//246 283//246
f 67//247 108//247 73//247
f 285//248 109//248 73//248
f 108//249 106//249 284//249
f 287//250 107//250 285//250
f 106//251 104//251 288//251
f 289//252 105//252 107//252
f 104//253 102//253 290//253
f 291//254 103//254 105//254
f 102//255 100//255 292//255
f 293//256 101//256 103//256
f 100//257 98//257 292//257
f 295//258 99//258 293//258
f 98//259 96//259 296//259
f 297//260 97//260 99//260
f 96//261 94//261 296//261
f 299//262 95//262 297//262
f 94//263 92//263 298//263
f 301//264 93//264 299//264
f 308//265 309//265 328//265
f 329//266 309//266 308//266
f 307//267 308//267 338//267
f 339//268 308//268 307//268
f 306//269 307//269 336//269
f 337//270 307//270 306//270
f 89//271 91//271 340//271
f 306//272 91//272 341//272
f 87//273 89//273 334//273
f 341//274 90//274 335//274
f 85//275 87//275 330//275
f 335//276 88//276 331//276
f 83//277 85//277 332//277
f 331//278 86//278 333//278
f 330//279 336//279 332//279
f 339//280 337//280 333//280
f 330//281 334//281 340//281
f 341//282 335//282 331//282
f 326//283 332//283 338//283
f 339//284 333//284 327//284
f 81//285 83//285 326//285
f 333//286 84//286 327//286
f 209//287 342//287 344//287
f 345//288 343//288 210//288
f 81//289 326//289 342//289
f 343//290 327//290 82//290
f 79//291 215//291 344//291
f 345//292 216//292 80//292
f 79//293 346//293 300//293
f 301//294 347//294 80//294
f 77//295 324//295 352//295
f 353//296 325//296 77//296
f 304//297 352//297 350//297
f 351//298 353//298 304//298
f 78//299 350//299 305//299
f 349//300 351//300 305//300
f 305//301 348//301 309//301
f 329//302 349//302 309//302
f 326//303 328//303 348//303
f 349//304 329//304 327//304
f 296//305 298//305 310//305
f 319//306 299//306 311//306
f 76//307 316//307 324//307
f 325//308 317//308 76//308
f 302//309 358//309 356//309
f 357//310 359//310 302//310
f 303//311 356//311 75//311
f 355//312 357//312 75//312
f 75//313 354//313 76//313
f 317//314 355//314 76//314
f 292//315 294//315 364//315
f 363//316 295//316 365//316
f 364//317 362//317 366//317
f 369//318 363//318 367//318
f 366//319 368//319 372//319
f 371//320 369//320 373//320
f 372//321 370//321 374//321
f 377//322 371//322 375//322
f 314//323 378//323 374//323
f 375//324 379//324 315//324
f 316//325 354//325 378//325
f 375//326 355//326 379//326
f 354//327 356//327 374//327
f 373//328 357//328 375//328
f 356//329 358//329 372//329
f 367//330 359//330 373//330
f 358//331 360//331 366//331
f 365//332 361//332 367//332
f 290//333 292//333 364//333
f 365//334 293//334 291//334
f 74//335 360//335 358//335
f 359//336 361//336 74//336
f 284//337 286//337 288//337
f 289//338 287//338 285//338
f 284//339 290//339 74//339
f 361//340 291//340 74//340
f 73//341 284//341 74//341
f 74//342 285//342 73//342
f 294//343 296//343 310//343
f 311//344 297//344 295//344
f 310//345 312//345 362//345
f 369//346 313//346 363//346
f 312//347 382//347 368//347
f 371//348 383//348 369//348
f 314//349 376//349 370//349
f 371//350 377//350 315//350
f 348//351 350//351 386//351
f 387//352 351//352 349//352
f 318//353 384//353 386//353
f 387//354 385//354 319//354
f 298//355 300//355 318//355
f 385//356 301//356 319//356
f 300//357 344//357 384//357
f 343//358 345//358 385//358
f 342//359 348//359 384//359
f 385//360 349//360 343//360
f 300//361 346//361 344//361
f 345//362 347//362 301//362
f 314//363 322//363 380//363
f 381//364 323//364 315//364
f 316//365 378//365 380//365
f 381//366 379//366 317//366
f 320//367 386//367 380//367
f 381//368 387//368 321//368
f 350//369 352//369 380//369
f 381//370 353//370 351//370
f 324//371 380//371 352//371
f 353//372 381//372 325//372
f 400//373 388//373 414//373
f 415//374 389//374 401//374
f 400//375 402//375 398//375
f 405//376 403//376 399//376
f 398//377 404//377 406//377
f 407//378 405//378 399//378
f 396//379 406//379 408//379
f 409//380 407//380 397//380
f 394//381 408//381 410//381
f 411//382 409//382 395//382
f 392//383 410//383 390//383
f 413//384 411//384 391//384
f 410//385 420//385 418//385
f 419//386 421//386 411//386
f 408//387 422//387 410//387
f 421//388 423//388 411//388
f 406//389 424//389 422//389
f 423//390 425//390 407//390
f 404//391 426//391 424//391
f 425//392 427//392 405//392
f 402//393 428//393 426//393
f 427//394 429//394 403//394
f 402//395 414//395 428//395
f 417//396 415//396 429//396
f 318//397 320//397 444//397
f 445//398 321//398 319//398
f 320//399 390//399 412//399
f 413//400 391//400 321//400
f 310//401 318//401 312//401
f 443//402 319//402 313//402
f 382//403 430//403 388//403
f 415//404 431//404 389//404
f 412//405 418//405 444//405
f 441//406 419//406 445//406
f 438//407 446//407 444//407
f 445//408 447//408 439//408
f 434//409 446//409 436//409
f 439//410 447//410 437//410
f 432//411 448//411 446//411
f 447//412 449//412 433//412
f 430//413 448//413 432//413
f 433//414 449//414 431//414
f 414//415 430//415 450//415
f 451//416 431//416 415//416
f 312//417 448//417 430//417
f 431//418 449//418 313//418
f 312//419 442//419 446//419
f 447//420 443//420 313//420
f 442//421 444//421 446//421
f 447//422 445//422 443//422
f 416//423 450//423 476//423
f 453//424 451//424 477//424
f 450//425 432//425 462//425
f 463//426 433//426 451//426
f 432//427 434//427 462//427
f 461//428 435//428 463//428
f 434//429 436//429 458//429
f 459//430 437//430 435//430
f 436//431 438//431 456//431
f 457//432 439//432 437//432
f 438//427 440//427 456//427
f 455//433 441//433 457//433
f 440//434 418//434 454//434
f 475//435 419//435 455//435
f 428//436 416//436 464//436
f 477//437 417//437 465//437
f 426//438 428//438 466//438
f 465//439 429//439 467//439
f 424//440 426//440 468//440
f 467//441 427//441 469//441
f 422//442 424//442 468//442
f 469//443 425//443 423//443
f 420//444 422//444 470//444
f 471//445 423//445 421//445
f 418//446 420//446 472//446
f 473//447 421//447 419//447
f 458//448 456//448 480//448
f 481//449 457//449 459//449
f 478//450 480//450 482//450
f 483//451 481//451 479//451
f 484//452 482//452 486//452
f 489//453 483//453 487//453
f 486//454 488//454 490//454
f 491//455 489//455 487//455
f 464//456 476//456 492//456
f 487//457 477//457 493//457
f 452//458 484//458 486//458
f 487//459 485//459 453//459
f 452//460 462//460 478//460
f 479//461 463//461 453//461
f 458//462 478//462 460//462
f 463//463 479//463 461//463
f 454//464 474//464 456//464
f 481//465 475//465 457//465
f 472//466 482//466 480//466
f 481//467 483//467 473//467
f 470//468 488//468 482//468
f 483//469 489//469 471//469
f 468//470 490//470 488//470
f 489//471 491//471 469//471
f 466//472 492//472 468//472
f 491//473 493//473 469//473
f 464//474 492//474 466//474
f 467//475 493//475 465//475
f 392//476 390//476 502//476
f 505//477 391//477 503//477
f 394//478 392//478 500//478
f 503//479 393//479 501//479
f 396//480 394//480 500//480
f 501//481 395//481 397//481
f 398//482 396//482 498//482
f 499//483 397//483 399//483
f 400//484 398//484 496//484
f 497//485 399//485 401//485
f 388//486 400//486 494//486
f 495//487 401//487 389//487
f 494//488 502//488 504//488
f 505//489 503//489 495//489
f 494//490 496//490 502//490
f 501//491 497//491 503//491
f 496//492 498//492 500//492
f 501//493 499//493 497//493
f 314//494 382//494 388//494
f 389//495 383//495 315//495
f 314//496 506//496 504//496
f 505//497 507//497 315//497
f 320//498 322//498 390//498
f 505//499 323//499 391//499
f 1//500 3//500 45//500
f 2//501 48//501 46//501
f 3//502 5//502 43//502
f 4//503 46//503 44//503
f 9//504 7//504 5//504
f 10//505 4//505 6//505
f 11//506 9//506 3//506
f 12//507 2//507 4//507
f 13//508 15//508 9//508
f 14//509 12//509 10//509
f 15//510 17//510 7//510
f 16//511 10//511 8//511
f 17//512 15//512 19//512
f 18//513 20//513 16//513
f 15//514 13//514 21//514
f 16//515 22//515 14//515
f 25//516 27//516 21//516
f 26//517 24//517 22//517
f 19//518 21//518 29//518
f 20//519 30//519 22//519
f 29//520 27//520 31//520
f 30//521 32//521 28//521
f 27//522 25//522 33//522
f 28//523 34//523 26//523
f 33//524 35//524 39//524
f 34//525 40//525 36//525
f 31//526 33//526 41//526
f 32//527 42//527 34//527
f 41//528 39//528 43//528
f 42//529 44//529 40//529
f 39//530 37//530 45//530
f 40//531 46//531 38//531
f 49//532 47//532 51//532
f 50//533 52//533 48//533
f 51//534 37//534 53//534
f 52//535 54//535 38//535
f 53//536 35//536 55//536
f 54//537 56//537 36//537
f 55//538 25//538 57//538
f 56//539 58//539 26//539
f 13//540 59//540 57//540
f 14//541 24//541 58//541
f 11//542 63//542 59//542
f 12//543 14//543 60//543
f 1//544 65//544 63//544
f 2//545 12//545 64//545
f 47//546 49//546 65//546
f 48//547 2//547 66//547
f 91//548 89//548 176//548
f 91//549 176//549 90//549
f 89//550 87//550 174//550
f 90//551 175//551 88//551
f 170//552 172//552 87//552
f 171//553 86//553 88//553
f 168//554 170//554 85//554
f 169//555 84//555 86//555
f 166//556 168//556 83//556
f 167//557 82//557 84//557
f 92//558 146//558 164//558
f 93//559 80//559 165//559
f 146//560 92//560 148//560
f 147//561 149//561 93//561
f 96//562 150//562 148//562
f 97//563 95//563 149//563
f 150//564 96//564 152//564
f 151//565 153//565 97//565
f 152//566 98//566 154//566
f 153//567 155//567 99//567
f 154//568 100//568 156//568
f 155//569 157//569 101//569
f 104//570 158//570 156//570
f 105//571 103//571 157//571
f 158//572 104//572 160//572
f 159//573 161//573 105//573
f 160//574 106//574 162//574
f 161//575 163//575 107//575
f 162//576 108//576 68//576
f 163//577 68//577 109//577
f 162//578 110//578 160//578
f 163//579 161//579 111//579
f 179//580 158//580 160//580
f 180//581 129//581 161//581
f 179//582 126//582 158//582
f 180//583 159//583 127//583
f 126//584 124//584 156//584
f 127//585 157//585 125//585
f 124//586 122//586 154//586
f 125//587 155//587 123//587
f 122//588 120//588 152//588
f 123//589 153//589 121//589
f 120//590 118//590 150//590
f 121//591 151//591 119//591
f 146//592 148//592 118//592
f 147//593 117//593 119//593
f 164//594 146//594 116//594
f 165//595 115//595 117//595
f 181//596 177//596 164//596
f 182//597 115//597 165//597
f 112//598 110//598 68//598
f 113//599 68//599 111//599
f 68//600 178//600 183//600
f 68//601 113//601 184//601
f 178//602 177//602 183//602
f 178//603 184//603 177//603
f 137//604 176//604 174//604
f 137//605 136//605 175//605
f 135//606 174//606 172//606
f 136//607 134//607 173//607
f 170//608 131//608 172//608
f 171//609 173//609 132//609
f 187//610 185//610 168//610
f 188//611 167//611 169//611
f 170//612 168//612 185//612
f 171//613 132//613 186//613
f 187//614 144//614 189//614
f 188//614 189//614 145//614
f 69//615 185//615 189//615
f 69//616 189//616 186//616
f 69//617 130//617 185//617
f 69//617 186//617 130//617
f 193//618 191//618 144//618
f 194//619 143//619 145//619
f 142//620 140//620 193//620
f 143//621 194//621 141//621
f 140//622 139//622 195//622
f 141//623 196//623 139//623
f 139//624 138//624 197//624
f 139//625 198//625 138//625
f 70//626 190//626 191//626
f 70//627 192//627 190//627
f 208//628 70//628 206//628
f 208//629 207//629 70//629
f 199//630 200//630 197//630
f 199//631 71//631 198//631
f 200//632 202//632 195//632
f 201//633 198//633 196//633
f 193//634 195//634 204//634
f 194//635 205//635 196//635
f 204//156 206//156 191//156
f 205//636 194//636 192//636
f 200//637 199//637 202//637
f 201//638 203//638 199//638
f 208//639 206//639 204//639
f 208//640 199//640 205//640
f 140//641 164//641 177//641
f 141//642 139//642 177//642
f 142//643 211//643 164//643
f 143//644 141//644 165//644
f 211//645 142//645 213//645
f 212//646 214//646 143//646
f 213//647 144//647 166//647
f 214//648 167//648 145//648
f 166//649 81//649 213//649
f 167//650 214//650 82//650
f 213//651 209//651 211//651
f 214//652 212//652 210//652
f 164//653 211//653 215//653
f 165//654 80//654 216//654
f 222//655 131//655 72//655
f 223//656 72//656 132//656
f 131//657 222//657 220//657
f 132//658 134//658 221//658
f 133//659 220//659 218//659
f 134//660 136//660 219//660
f 135//661 218//661 217//661
f 136//662 137//662 217//662
f 231//663 217//663 229//663
f 231//664 230//664 217//664
f 220//665 227//665 229//665
f 221//666 219//666 230//666
f 222//187 225//187 227//187
f 223//188 221//188 228//188
f 225//667 222//667 224//667
f 226//668 224//668 223//668
f 231//669 229//669 225//669
f 231//670 224//670 226//670
f 181//671 234//671 232//671
f 182//672 184//672 233//672
f 183//673 232//673 254//673
f 184//674 113//674 255//674
f 256//675 110//675 254//675
f 257//676 255//676 111//676
f 234//677 181//677 252//677
f 235//678 253//678 182//678
f 116//204 250//204 252//204
f 117//679 115//679 253//679
f 118//680 248//680 250//680
f 119//681 117//681 251//681
f 120//682 246//682 248//682
f 121//683 119//683 249//683
f 122//684 244//684 246//684
f 123//685 121//685 247//685
f 244//686 122//686 242//686
f 245//687 243//687 123//687
f 242//688 124//688 240//688
f 243//689 241//689 125//689
f 179//690 236//690 240//690
f 180//691 127//691 241//691
f 128//692 238//692 236//692
f 129//693 180//693 237//693
f 110//694 256//694 238//694
f 111//695 129//695 239//695
f 256//696 258//696 276//696
f 257//697 239//697 277//697
f 238//698 276//698 278//698
f 239//699 237//699 279//699
f 274//700 240//700 278//700
f 275//701 279//701 241//701
f 272//702 242//702 274//702
f 273//703 275//703 243//703
f 242//704 272//704 270//704
f 243//705 245//705 271//705
f 268//706 246//706 270//706
f 269//707 271//707 247//707
f 246//708 268//708 266//708
f 247//709 249//709 267//709
f 264//710 250//710 266//710
f 265//711 267//711 251//711
f 262//712 252//712 264//712
f 263//713 265//713 253//713
f 252//239 262//239 280//239
f 253//240 235//240 281//240
f 254//714 260//714 258//714
f 255//715 257//715 259//715
f 232//716 282//716 260//716
f 233//717 255//717 261//717
f 234//718 280//718 282//718
f 235//719 233//719 283//719
f 108//720 284//720 73//720
f 109//721 67//721 73//721
f 106//722 286//722 284//722
f 107//723 109//723 285//723
f 286//724 106//724 288//724
f 287//725 289//725 107//725
f 288//726 104//726 290//726
f 289//727 291//727 105//727
f 290//728 102//728 292//728
f 291//729 293//729 103//729
f 98//730 294//730 292//730
f 99//731 101//731 293//731
f 294//732 98//732 296//732
f 295//733 297//733 99//733
f 94//734 298//734 296//734
f 95//735 97//735 297//735
f 92//736 300//736 298//736
f 93//737 95//737 299//737
f 338//738 308//738 328//738
f 339//739 329//739 308//739
f 336//740 307//740 338//740
f 337//741 339//741 307//741
f 340//742 306//742 336//742
f 341//743 337//743 306//743
f 91//744 306//744 340//744
f 91//745 90//745 341//745
f 89//746 340//746 334//746
f 90//747 88//747 335//747
f 87//748 334//748 330//748
f 88//749 86//749 331//749
f 85//750 330//750 332//750
f 86//751 84//751 333//751
f 336//752 338//752 332//752
f 337//753 331//753 333//753
f 336//754 330//754 340//754
f 337//755 341//755 331//755
f 328//756 326//756 338//756
f 329//757 339//757 327//757
f 83//758 332//758 326//758
f 84//759 82//759 327//759
f 215//760 209//760 344//760
f 216//761 345//761 210//761
f 209//762 81//762 342//762
f 210//763 343//763 82//763
f 346//764 79//764 344//764
f 347//765 345//765 80//765
f 92//766 79//766 300//766
f 93//767 301//767 80//767
f 304//768 77//768 352//768
f 304//769 353//769 77//769
f 78//770 304//770 350//770
f 78//771 351//771 304//771
f 350//772 348//772 305//772
f 351//773 78//773 305//773
f 348//774 328//774 309//774
f 349//775 305//775 309//775
f 342//776 326//776 348//776
f 343//777 349//777 327//777
f 298//778 318//778 310//778
f 299//779 297//779 311//779
f 77//780 76//780 324//780
f 77//781 325//781 76//781
f 303//782 302//782 356//782
f 303//783 357//783 302//783
f 356//784 354//784 75//784
f 357//785 303//785 75//785
f 354//786 316//786 76//786
f 355//787 75//787 76//787
f 294//788 362//788 364//788
f 295//789 293//789 365//789
f 362//790 368//790 366//790
f 363//791 365//791 367//791
f 368//792 370//792 372//792
f 369//793 367//793 373//793
f 370//794 376//794 374//794
f 371//795 373//795 375//795
f 376//796 314//796 374//796
f 377//797 375//797 315//797
f 354//798 374//798 378//798
f 355//799 317//799 379//799
f 356//800 372//800 374//800
f 357//801 355//801 375//801
f 358//802 366//802 372//802
f 359//803 357//803 373//803
f 360//804 364//804 366//804
f 361//805 359//805 367//805
f 360//806 290//806 364//806
f 361//807 365//807 291//807
f 302//808 74//808 358//808
f 302//809 359//809 74//809
f 290//810 284//810 288//810
f 291//811 289//811 285//811
f 290//812 360//812 74//812
f 291//813 285//813 74//813
f 362//814 294//814 310//814
f 363//815 311//815 295//815
f 312//816 368//816 362//816
f 313//817 311//817 363//817
f 382//818 370//818 368//818
f 383//819 313//819 369//819
f 382//820 314//820 370//820
f 383//821 371//821 315//821
f 384//822 348//822 386//822
f 385//823 387//823 349//823
f 320//824 318//824 386//824
f 321//825 387//825 319//825
f 300//826 384//826 318//826
f 301//827 299//827 319//827
f 344//828 342//828 384//828
f 345//829 301//829 385//829
f 378//830 314//830 380//830
f 379//831 381//831 315//831
f 324//832 316//832 380//832
f 325//833 381//833 317//833
f 322//834 320//834 380//834
f 323//835 381//835 321//835
f 386//836 350//836 380//836
f 387//837 381//837 351//837
f 402//838 400//838 414//838
f 403//839 415//839 401//839
f 402//840 404//840 398//840
f 403//841 401//841 399//841
f 396//842 398//842 406//842
f 397//843 407//843 399//843
f 394//844 396//844 408//844
f 395//845 409//845 397//845
f 392//846 394//846 410//846
f 393//847 411//847 395//847
f 410//848 412//848 390//848
f 411//849 393//849 391//849
f 412//850 410//850 418//850
f 413//851 419//851 411//851
f 422//852 420//852 410//852
f 423//853 409//853 411//853
f 408//854 406//854 422//854
f 409//855 423//855 407//855
f 406//856 404//856 424//856
f 407//857 425//857 405//857
f 404//858 402//858 426//858
f 405//859 427//859 403//859
f 414//860 416//860 428//860
f 415//861 403//861 429//861
f 442//862 318//862 444//862
f 443//863 445//863 319//863
f 444//864 320//864 412//864
f 445//865 413//865 321//865
f 318//866 442//866 312//866
f 319//867 311//867 313//867
f 430//868 414//868 388//868
f 431//869 383//869 389//869
f 418//870 440//870 444//870
f 419//871 413//871 445//871
f 440//872 438//872 444//872
f 441//873 445//873 439//873
f 446//874 438//874 436//874
f 447//875 435//875 437//875
f 434//876 432//876 446//876
f 435//877 447//877 433//877
f 450//878 430//878 432//878
f 451//879 433//879 431//879
f 416//880 414//880 450//880
f 417//881 451//881 415//881
f 382//882 312//882 430//882
f 383//883 431//883 313//883
f 448//884 312//884 446//884
f 449//885 447//885 313//885
f 450//886 452//886 476//886
f 451//887 417//887 477//887
f 452//888 450//888 462//888
f 453//889 463//889 451//889
f 434//427 460//427 462//427
f 435//428 433//428 463//428
f 460//890 434//890 458//890
f 461//891 459//891 435//891
f 458//892 436//892 456//892
f 459//893 457//893 437//893
f 440//894 454//894 456//894
f 441//895 439//895 457//895
f 418//896 474//896 454//896
f 419//897 441//897 455//897
f 416//898 476//898 464//898
f 417//899 429//899 465//899
f 428//900 464//900 466//900
f 429//901 427//901 467//901
f 426//902 466//902 468//902
f 427//903 425//903 469//903
f 470//904 422//904 468//904
f 471//905 469//905 423//905
f 472//906 420//906 470//906
f 473//907 471//907 421//907
f 474//908 418//908 472//908
f 475//909 473//909 419//909
f 478//910 458//910 480//910
f 479//911 481//911 459//911
f 484//912 478//912 482//912
f 485//913 483//913 479//913
f 482//914 488//914 486//914
f 483//915 485//915 487//915
f 492//916 486//916 490//916
f 493//917 491//917 487//917
f 476//918 486//918 492//918
f 477//919 465//919 493//919
f 476//920 452//920 486//920
f 477//921 487//921 453//921
f 484//922 452//922 478//922
f 485//923 479//923 453//923
f 478//924 462//924 460//924
f 479//925 459//925 461//925
f 474//926 480//926 456//926
f 475//927 455//927 457//927
f 474//928 472//928 480//928
f 475//929 481//929 473//929
f 472//930 470//930 482//930
f 473//931 483//931 471//931
f 470//932 468//932 488//932
f 471//933 489//933 469//933
f 492//934 490//934 468//934
f 493//935 467//935 469//935
f 390//936 504//936 502//936
f 391//937 393//937 503//937
f 392//938 502//938 500//938
f 393//939 395//939 501//939
f 498//940 396//940 500//940
f 499//941 501//941 397//941
f 496//942 398//942 498//942
f 497//943 499//943 399//943
f 494//944 400//944 496//944
f 495//945 497//945 401//945
f 506//946 388//946 494//946
f 507//947 495//947 389//947
f 506//948 494//948 504//948
f 507//949 505//949 495//949
f 496//950 500//950 502//950
f 497//951 495//951 503//951
f 506//952 314//952 388//952
f 507//953 389//953 315//953
f 322//954 314//954 504//954
f 323//955 505//955 315//955
f 322//956 504//956 390//956
f 323//957 321//957 391//957